5.9939265,-30.029736,-13.813891,-1.8323292,-0.50870335,-2.7777722,1.8268913,-35.249477,-26.312752,-5.4842772,-33.518642,9.97756,-14.73686,-39.56813,6.4277806,-45.43452,-85.4815
6.0713778,-30.023941,-13.61071,-2.0638041,-0.60386384,-2.5162654,2.0868087,-35.009678,-25.976086,-5.5669446,-33.008694,10.36466,-14.479854,-39.420437,6.247318,-44.89846,-84.661934
43.150307,-144.53304,-53.66813,2.0099676,7.075963,-12.096757,32.153355,-187.05423,-130.88235,-34.38107,-170.05591,39.463947,-68.16089,-201.82791,39.70474,-227.80539,-444.5745
60.005726,-166.9855,-55.190025,-0.5672715,10.708391,-12.98317,38.54185,-231.1634,-161.00732,-48.096474,-192.26242,44.704754,-84.2118,-242.65916,38.985943,-262.12848,-529.121
94.784935,-225.36328,-68.086525,-2.0614803,17.676136,-18.367334,51.557056,-334.09912,-233.34972,-73.44626,-261.42676,58.113075,-122.91229,-341.65704,44.62968,-360.83365,-747.92175
56.023968,-172.93137,-62.401176,3.4855287,9.565393,-16.038385,36.373524,-235.34035,-165.68843,-42.878258,-207.38156,43.03488,-87.04257,-248.8189,44.889904,-279.77695,-555.28424
61.999847,-165.25014,-53.94805,0.034589812,9.229565,-11.952199,39.404484,-236.07516,-164.86726,-47.097935,-197.04002,43.299103,-85.230995,-245.57962,40.39465,-269.5198,-546.20514
61.817825,-150.76878,-47.10603,-1.5226026,9.874628,-10.534714,38.02389,-221.55179,-154.59901,-48.00812,-179.74475,42.755356,-79.69377,-228.40689,35.07249,-247.32327,-506.65335
60.94029,-152.27922,-50.187374,-0.33272427,11.343837,-12.979431,36.517193,-222.12692,-155.60466,-48.365807,-182.90846,44.6554,-81.03506,-229.93794,35.338947,-250.20139,-509.01675
61.13818,-154.78493,-50.273735,-0.7225422,9.987517,-12.789103,35.22421,-222.09596,-155.37772,-47.217144,-180.47124,43.100517,-82.215744,-231.38408,34.447323,-247.30841,-503.01077
58.872837,-156.48553,-50.42462,-0.69084686,8.70285,-12.300458,34.394196,-219.05179,-153.1482,-44.92579,-178.21754,40.388172,-81.736115,-230.24364,34.74623,-244.03442,-493.78534
61.197426,-154.81049,-46.470284,-1.3713666,10.332588,-11.117703,35.97466,-219.8071,-153.85663,-46.46463,-176.85353,37.02607,-80.57662,-228.43114,32.316105,-242.23076,-492.46115
59.78982,-151.1376,-45.86324,0.044762954,11.120707,-11.918441,34.832527,-217.0513,-151.73248,-46.47917,-176.57057,34.565468,-77.66884,-223.7147,30.926266,-240.38695,-490.1908
56.302864,-146.62227,-47.743904,-0.27386418,9.65457,-12.3859625,34.128284,-210.23146,-147.09088,-44.49976,-174.38017,32.192696,-75.416595,-217.25383,32.549385,-237.20996,-481.3007
58.252426,-145.94765,-48.159767,-1.8379155,8.979523,-11.981149,35.497578,-212.294,-149.19417,-46.185337,-175.09326,30.563478,-77.45339,-218.28723,33.151577,-239.74622,-486.97137
59.294834,-146.47372,-46.493767,-0.89913297,9.454557,-10.672561,36.039257,-213.97578,-149.63556,-47.459335,-172.64084,31.558893,-79.10993,-219.72623,33.2532,-237.55983,-483.8524
55.681396,-144.4624,-44.92051,0.96876025,9.661858,-11.06468,33.07862,-205.83502,-142.54216,-44.4359,-164.88133,31.88841,-75.66923,-213.63766,31.895866,-227.02554,-462.43503
55.24777,-145.77763,-44.90225,0.20270932,10.02265,-12.13386,31.722637,-205.20757,-142.15265,-42.641422,-163.23134,31.864708,-75.51149,-214.2062,31.05611,-225.22029,-458.84384
55.41967,-147.77129,-46.9664,-2.2494316,9.376502,-11.999753,32.415943,-208.53593,-145.97122,-42.49324,-166.83746,32.37557,-76.879265,-217.56085,32.769005,-230.29134,-467.10577
54.36271,-145.39406,-46.49584,-2.106395,8.243521,-10.799431,33.237885,-206.75354,-145.04794,-42.926674,-166.58272,34.621067,-75.03673,-215.53015,32.524548,-228.43385,-463.17715
52.01199,-139.21481,-44.29455,0.7447059,8.150281,-10.337801,32.65658,-199.07916,-138.94296,-42.4267,-162.15436,37.729424,-70.13489,-207.87415,31.105444,-220.30804,-447.00137
52.682278,-138.44171,-44.977264,-0.06717999,10.262711,-12.196744,31.85125,-199.09492,-139.78337,-41.981853,-164.49379,39.965164,-70.678024,-206.37764,31.55639,-222.18803,-450.73654
54.805134,-139.62384,-45.181778,-2.0202005,10.472664,-12.215528,32.427666,-200.53587,-141.58385,-41.716866,-166.25822,39.03773,-73.40599,-206.69249,32.42731,-226.36203,-458.60995
60.545265,-155.12251,-49.925095,-1.4313968,9.953927,-11.637809,35.67687,-221.91556,-156.35358,-45.80369,-184.80713,40.71365,-82.07266,-228.21236,35.49751,-253.27805,-513.52075
37.599026,-130.5308,-49.498722,4.944582,5.000597,-11.042996,28.7544,-168.28279,-117.22928,-31.224682,-154.56819,32.610832,-61.769726,-179.51404,37.194935,-207.27385,-403.8502
49.54491,-145.95435,-51.24443,4.1271114,7.125236,-12.416729,33.419556,-197.72083,-136.08316,-40.932888,-167.54214,36.008266,-72.53182,-206.07784,36.80716,-227.85132,-456.4256
57.94844,-143.59627,-45.282917,0.17383303,10.26076,-12.29748,32.79445,-207.75674,-143.30574,-45.05228,-163.57182,35.693653,-76.742615,-211.9816,30.01056,-225.78131,-465.02042
51.513187,-136.78432,-44.463917,-1.797785,9.929449,-11.658374,29.428465,-194.17538,-134.24208,-38.262997,-156.99399,34.52126,-71.5994,-200.51186,30.098568,-215.72508,-439.8194
47.3935,-130.98053,-41.1138,-1.4803736,8.2280445,-9.168015,29.448345,-185.8957,-127.35804,-36.63271,-150.14117,37.06211,-66.64405,-193.2949,29.74021,-205.93199,-420.12924
47.049408,-129.53114,-39.610344,-0.21659671,7.202194,-8.27472,31.292799,-185.26276,-126.97453,-38.186443,-148.72404,38.031574,-65.88555,-192.8888,30.039244,-203.82747,-417.1227
46.404785,-131.50195,-41.304302,1.2165921,7.539469,-9.493163,31.657429,-187.56697,-129.55705,-40.05833,-152.41716,37.249653,-67.37626,-195.86604,31.514978,-207.91876,-424.31946
45.78278,-130.2866,-44.013355,0.2434195,8.665144,-11.415191,29.135714,-185.40201,-130.06024,-39.200558,-154.41449,33.813877,-68.53578,-194.07935,30.170757,-209.72658,-424.8848
47.364033,-133.48972,-46.579998,-1.2418051,8.549336,-11.744453,30.144882,-187.00168,-132.34537,-38.296318,-159.25014,33.646378,-69.743034,-196.68118,30.549812,-215.82307,-432.49557
45.64804,-125.55717,-42.475815,-1.4108284,7.454269,-9.901849,30.010828,-174.69666,-124.446556,-36.291573,-149.18631,32.037457,-65.42816,-183.72755,28.944447,-202.44115,-402.70508
48.785397,-130.23058,-41.728584,-0.06862542,7.906399,-9.82657,31.671144,-181.57683,-130.20583,-39.40982,-154.28773,34.286995,-68.46654,-190.08505,30.2213,-209.4068,-414.94754
49.09663,-128.49718,-40.330788,1.5562342,8.101982,-10.521319,29.734867,-181.79976,-129.1475,-39.38786,-151.88818,35.500584,-67.3644,-189.02252,29.449057,-206.38445,-411.65347
46.008488,-125.63336,-40.803497,1.547088,7.2654085,-10.465079,26.643345,-177.63829,-124.88547,-36.473625,-148.28731,34.925632,-64.18494,-184.79851,28.980488,-201.6832,-403.10568
43.750263,-119.865845,-39.461456,-0.9787146,6.6023355,-9.188433,26.04256,-170.4467,-118.428986,-33.786007,-140.50175,31.790224,-60.894886,-177.34276,27.881985,-192.58876,-387.71213
44.3078,-118.865234,-39.744553,-2.3123326,7.3089695,-9.400795,27.671938,-170.04779,-117.438034,-33.929794,-138.56235,30.503107,-61.043762,-176.68591,27.719662,-190.89345,-386.6233
46.832962,-121.947426,-41.32863,-2.0424693,8.256699,-10.609348,30.451633,-175.25157,-121.08134,-36.28809,-141.6991,29.59889,-64.14269,-181.6381,29.036821,-195.69983,-398.0559
46.958652,-123.58506,-41.70916,0.29107925,7.8546085,-10.70512,31.006062,-177.5123,-122.36028,-37.4348,-144.27145,30.144747,-65.2209,-183.96559,29.62146,-197.50708,-403.6312
42.004738,-119.870056,-40.42872,2.6233795,5.919791,-9.163277,28.182663,-170.13176,-116.33926,-34.75516,-140.82127,31.934807,-61.591034,-177.44432,28.001905,-190.681,-390.3738
39.980007,-116.47502,-37.716198,2.5812242,5.414431,-8.313928,25.713478,-164.14772,-112.72593,-33.407238,-137.20233,33.37687,-59.48676,-171.79115,26.106813,-184.75302,-378.012
39.067165,-116.62688,-37.274162,0.79220533,6.1937456,-9.130914,25.44112,-161.97139,-112.50872,-33.166912,-137.83615,33.13723,-59.839207,-170.26842,27.069605,-184.71239,-375.31406
41.19733,-119.72516,-37.618828,-2.6832817,8.143448,-10.441345,27.491016,-165.9421,-117.17916,-35.299644,-141.2632,31.16174,-63.196796,-174.11781,28.716347,-189.90895,-384.09546
41.752605,-118.80407,-38.299118,-3.8580563,8.553572,-10.516847,27.722729,-163.23335,-116.3748,-34.97354,-140.14589,29.212013,-62.93162,-171.67212,28.762054,-188.51184,-379.1062
41.61586,-113.906006,-37.64032,-2.9773135,7.3292704,-8.930871,25.860374,-156.54837,-111.70677,-33.333538,-134.11107,28.277946,-59.86735,-164.73209,25.857824,-180.64009,-363.50327
41.74089,-111.04423,-37.530197,-0.6573036,5.64387,-8.180629,24.77149,-153.2471,-109.2334,-31.952152,-130.62454,27.944092,-57.04807,-161.38182,24.666908,-176.61452,-354.88428
43.082222,-110.96862,-37.174587,1.7958735,5.2054167,-8.404081,25.040197,-155.11719,-110.57817,-32.437027,-130.34966,28.164005,-56.64685,-162.83847,24.322927,-177.13771,-356.36603
43.56116,-112.966606,-36.335274,2.4291737,6.386425,-9.902517,26.540794,-160.58322,-113.06148,-33.596786,-132.32713,29.671247,-58.421272,-167.63206,25.724697,-181.19432,-365.18878
41.0252,-109.98594,-34.40319,1.3979985,7.1170535,-9.678527,25.842213,-158.59113,-110.07814,-32.414413,-128.21414,30.4979,-57.00853,-165.03214,26.304443,-177.19261,-358.24942
36.648834,-103.989365,-34.34016,-0.8482089,6.078158,-7.886203,23.214134,-148.77872,-101.85958,-29.634407,-121.437614,29.365845,-53.51046,-155.5696,25.346184,-167.40099,-337.8134
33.262592,-98.90997,-33.93,-2.761602,5.306965,-6.3723936,21.052855,-141.11812,-95.37906,-27.603958,-115.665596,28.198088,-50.775,-147.96465,23.740711,-159.21773,-321.40445
32.323322,-98.06154,-34.145992,-3.0525293,5.816366,-6.614849,21.0948,-140.32399,-94.01737,-28.186117,-115.01157,28.022623,-51.131924,-146.93915,22.966316,-157.77856,-318.79507
31.34398,-100.80115,-35.88933,-1.6609991,6.279406,-8.395679,22.484655,-142.07428,-94.880974,-28.648895,-119.148506,28.20691,-52.842064,-149.3693,24.611666,-161.9149,-324.16357
33.86977,-104.23778,-35.162113,-0.21365355,6.1834946,-9.211313,23.730247,-147.46912,-99.74016,-30.038063,-122.552,28.173834,-55.114197,-154.24646,25.243933,-167.52562,-335.50977
38.215195,-126.03486,-42.999138,2.3597407,5.7362657,-10.684052,27.269066,-172.64838,-117.58033,-32.371784,-148.05696,33.335804,-63.851364,-182.6058,34.402073,-202.14156,-399.33276
25.961678,-99.02644,-36.332645,2.9368365,3.124774,-7.701299,19.374622,-128.74924,-88.43721,-20.822329,-116.60637,26.758497,-46.735615,-139.02934,29.573782,-158.52019,-306.61057
32.670273,-107.40152,-37.161797,0.7666828,4.9310627,-7.3745093,21.524443,-145.19762,-100.20405,-24.952326,-124.98497,30.278711,-52.000553,-154.26445,28.480003,-172.46143,-339.57596
31.86594,-100.690796,-35.276775,-1.5337424,5.868211,-7.5673933,20.874561,-136.2784,-95.31858,-23.784647,-116.95353,28.232431,-49.21771,-144.36984,25.065628,-162.20996,-318.88806
35.15125,-102.17682,-34.72959,-2.5689332,6.9632316,-8.744448,23.339516,-142.40492,-100.09601,-26.964497,-119.29142,27.951122,-52.03628,-149.40294,23.880278,-165.39124,-329.07095
33.889477,-100.57556,-34.00776,-0.96965986,6.0339212,-8.588995,23.406631,-141.24823,-99.075905,-28.346943,-118.33144,26.833748,-51.133617,-148.37672,24.110523,-163.1348,-326.06424
33.553364,-108.69352,-37.830463,2.528749,4.3171287,-7.8677382,24.07363,-151.88884,-105.42809,-30.49212,-128.53885,29.134592,-53.433388,-160.86803,29.328661,-175.7896,-352.07944
14.58837,-102.33698,-46.836678,7.479959,1.1800613,-9.628136,18.862278,-120.37392,-84.664246,-16.423313,-125.27389,25.936003,-42.64827,-137.2715,38.71198,-164.28505,-306.13095
10.060708,-110.95256,-54.684357,8.768342,1.6039371,-12.3280735,19.828598,-123.826546,-87.88888,-14.113118,-137.57283,28.132044,-44.717438,-144.63586,44.534523,-177.75604,-324.4217
14.227751,-106.06788,-48.37123,5.2607183,3.6446414,-11.872844,20.63805,-126.94293,-90.04503,-17.52156,-130.69705,27.959717,-46.906616,-143.7833,37.607742,-170.4093,-319.9006
29.17683,-108.89327,-38.45781,-2.0865831,7.0071154,-9.261645,23.937035,-152.54465,-106.816956,-27.975952,-130.43303,30.306255,-56.10655,-162.1629,26.633154,-175.93762,-354.7616
36.87069,-112.35418,-34.49449,-5.5378222,7.629779,-6.9783998,25.235931,-164.79533,-114.22644,-32.177197,-131.67201,31.497046,-59.708508,-172.0858,22.890715,-180.36446,-373.69086
14.203835,-101.74957,-44.454292,1.4307979,2.5751262,-9.350721,18.88732,-117.82066,-81.72733,-14.424498,-122.51827,26.764736,-42.646847,-134.61044,33.543102,-159.83669,-298.4828
10.6972685,-112.14009,-53.61201,5.115342,2.148811,-12.395859,20.094738,-120.05496,-82.45042,-12.6856985,-135.50377,28.830658,-43.54975,-141.1715,41.34745,-174.14178,-314.24796
16.817478,-108.36835,-48.74185,5.8829384,3.6704974,-12.087003,20.223293,-124.54779,-84.83651,-17.210886,-129.84834,27.714138,-45.53514,-141.35483,37.022972,-169.4316,-312.68875
41.529064,-135.91496,-48.962215,2.9677112,7.523678,-11.44682,27.71469,-182.5008,-122.30431,-34.09,-158.18079,33.62057,-65.47455,-194.02953,37.28329,-214.83487,-422.63812
34.633396,-121.97375,-46.040062,2.8112745,5.496763,-9.491278,23.881449,-157.2685,-106.68273,-25.780851,-142.81569,27.994595,-56.313126,-169.86935,37.29,-193.96335,-373.30164
19.439156,-102.75213,-45.41154,3.3514853,3.2362158,-9.679494,18.692802,-118.81686,-82.54912,-14.265922,-123.25922,22.099197,-43.43788,-134.1312,36.510376,-164.35144,-300.25296
39.608147,-123.74141,-44.379,-1.4533986,7.3594027,-10.440342,27.251009,-169.67552,-117.75493,-30.822638,-145.18202,27.85882,-62.078022,-178.80914,32.509285,-200.82358,-393.16306
21.910334,-112.02693,-49.290558,3.6830256,4.418856,-12.045458,21.86123,-137.85217,-96.4517,-20.825071,-135.49983,25.407896,-50.44183,-151.72318,35.966343,-180.92702,-337.74966
7.72288,-99.74129,-51.459053,7.5204554,1.5171378,-11.96003,16.736595,-107.45646,-75.73649,-10.80238,-123.90824,22.919352,-38.87014,-125.43145,39.166985,-160.1621,-283.2925
28.286755,-104.64826,-40.0524,2.1339364,4.77042,-8.058916,21.838926,-144.69661,-98.91812,-27.038553,-125.143326,27.641914,-49.788307,-152.78255,28.24892,-169.63788,-334.1432
31.744532,-93.438324,-30.156664,-1.1967608,5.662711,-5.5319834,21.793278,-138.6776,-93.92136,-28.10218,-109.32175,27.134085,-47.121384,-143.0139,21.340862,-151.37025,-309.09653
31.349518,-100.42547,-33.935257,-1.8014684,6.3623743,-7.0115924,23.620573,-142.29066,-96.615746,-26.489555,-117.89112,29.480276,-49.028656,-149.64186,26.436228,-161.95209,-324.53445
13.272386,-83.12369,-37.125664,2.355859,2.6337075,-9.173429,15.885547,-97.051254,-67.200356,-11.510144,-101.00096,22.457981,-35.02379,-110.48709,30.393108,-133.05641,-245.62917
27.110363,-98.4752,-37.395462,0.6397642,4.2398195,-10.428604,19.56721,-130.99042,-90.2685,-22.060108,-116.90788,26.919641,-48.54337,-141.58232,29.261995,-158.31668,-310.20627
38.09076,-99.61809,-31.41791,-0.49287534,5.2202644,-8.965218,20.871317,-149.32347,-102.11664,-30.74165,-115.36095,27.264956,-55.80646,-154.53748,21.521553,-160.6991,-334.23843
32.118298,-106.051025,-38.741962,2.41804,4.727767,-8.957228,21.549627,-146.68889,-100.387535,-26.538918,-124.108154,27.681664,-55.124607,-157.17226,27.580122,-169.74242,-342.3613
16.119486,-100.76435,-45.320362,5.571294,3.1765985,-8.823917,19.335163,-117.388985,-81.343056,-14.764061,-120.9763,24.520813,-44.054913,-135.07993,35.37925,-159.59703,-299.41568
7.2908664,-94.165764,-46.94805,6.1051307,2.5379186,-8.906707,17.448784,-97.19135,-68.350426,-8.3859005,-114.89312,22.025127,-36.361263,-117.900024,37.874664,-148.24353,-264.79935
30.850897,-107.63202,-38.343037,-1.2388105,6.573369,-7.6001096,24.597797,-145.30438,-100.39278,-28.142746,-125.305954,28.289948,-53.014748,-156.54497,28.401987,-170.5595,-340.37494
39.51695,-116.45083,-38.018333,-3.094523,7.005523,-9.394531,25.317467,-166.5638,-115.3111,-34.386963,-135.34088,32.702705,-60.16847,-174.72687,26.276081,-185.89177,-379.62503
16.156502,-101.53535,-45.98576,4.6235185,1.7311685,-11.118326,16.162415,-115.22164,-81.53061,-12.678101,-123.977135,26.000423,-41.263367,-132.60272,35.320354,-161.52556,-297.95242
6.9589453,-87.599594,-44.063065,7.1226835,-0.017684698,-9.952173,12.479622,-87.476715,-62.529465,-4.1724277,-109.240776,20.969687,-31.128675,-106.65381,36.113045,-139.27104,-244.25705
29.107239,-95.362305,-33.044926,1.9024377,4.041753,-7.230295,19.264734,-127.45042,-88.27666,-21.284191,-113.37819,25.27406,-44.38132,-136.87846,26.679478,-153.22205,-301.8769
32.133667,-88.52564,-26.978401,-0.8876662,5.706948,-6.3150744,20.762756,-126.81924,-87.640335,-25.0233,-103.68254,24.684942,-44.518707,-132.22417,21.427704,-142.68863,-288.5698
25.36802,-85.50546,-30.329967,-0.3046849,5.0638285,-7.797328,19.282684,-115.4679,-80.46223,-21.806892,-101.38222,23.589611,-41.77366,-122.83414,22.973839,-137.55724,-269.56937
23.472994,-85.854355,-32.08424,0.016069904,4.596687,-8.264978,18.73787,-115.142715,-80.052444,-22.15741,-102.051056,23.75133,-42.278023,-122.70977,22.497042,-138.18468,-269.11966
27.457397,-105.467316,-40.32439,1.3252769,4.4647303,-9.3489275,21.674753,-141.32526,-97.35952,-26.966442,-125.36468,28.285652,-51.64407,-150.82773,27.858564,-169.85912,-330.42087
3.787035,-124.567955,-67.05379,10.156915,0.46485472,-13.746483,18.866941,-122.90374,-86.231026,-7.7596874,-155.09677,28.74243,-45.609016,-150.19405,53.360977,-198.58646,-340.93872
17.88348,-179.83226,-87.15635,9.994222,4.080166,-18.118626,30.743723,-195.29819,-135.49153,-17.52446,-220.63358,41.20774,-71.89796,-228.77318,71.18035,-288.0226,-512.4355
29.576406,-234.45204,-108.77703,11.234365,10.919968,-25.386066,44.561394,-262.42834,-182.47798,-25.294046,-285.82986,53.51239,-96.33997,-303.31784,93.70175,-375.43872,-674.42224
64.70526,-216.88135,-76.85036,2.528903,17.338247,-19.92443,49.536724,-299.9476,-204.69171,-51.742184,-254.92795,55.716526,-106.55793,-317.75702,62.52842,-349.35092,-687.6505
61.62998,-200.99393,-73.41216,3.319848,14.714271,-17.386776,43.432514,-277.15366,-187.80057,-48.075855,-236.13211,54.51382,-95.796745,-294.34616,55.434624,-322.09106,-636.28174
50.04108,-178.53549,-70.09088,3.1699133,9.003507,-14.240925,34.696556,-236.09042,-159.71945,-38.63107,-211.09274,48.63365,-80.56915,-255.40585,50.58641,-284.75275,-554.99347
61.2088,-175.95242,-61.653862,-1.9591182,8.332373,-11.67624,35.90984,-248.6717,-167.32819,-48.04632,-205.04378,49.1876,-84.63663,-262.33774,41.222843,-280.7985,-566.1693
68.59017,-170.22949,-53.21544,-6.4491196,7.4301186,-9.229365,36.037086,-254.08325,-170.44093,-55.118217,-195.83682,48.23091,-86.430275,-262.90836,31.947678,-271.88144,-564.5493
67.33863,-181.96127,-61.229805,-4.601374,7.340607,-11.429699,37.89424,-261.81723,-176.9285,-54.5785,-211.4796,49.706116,-90.32979,-274.64517,38.152214,-290.29663,-593.29944
46.09106,-164.47198,-64.24267,2.595014,6.5238085,-12.905301,31.866894,-215.31964,-146.45956,-37.17526,-195.02382,44.00982,-74.34304,-234.41063,45.382755,-261.44077,-512.1288
57.444233,-172.55414,-59.938984,0.48123813,9.607723,-11.35052,35.389618,-241.89601,-162.85509,-45.20473,-201.84312,48.020977,-81.77573,-256.40738,41.369637,-275.05908,-554.832
66.90659,-169.18538,-51.05801,-4.589934,10.677018,-8.905871,36.79283,-256.27744,-171.45236,-53.20275,-194.26265,48.069492,-86.0634,-263.51947,32.457592,-270.92215,-564.1889
58.768887,-161.1705,-53.12069,-4.813819,7.795436,-9.200957,33.619526,-236.78078,-158.60486,-47.713104,-185.73111,45.33369,-79.927704,-245.88768,33.63825,-257.5654,-526.8373
59.245144,-161.82587,-54.360443,-4.7004895,6.9911814,-10.055171,33.754234,-237.41446,-158.87605,-49.20699,-186.29117,45.185127,-80.56159,-246.42313,33.558872,-258.18668,-526.5884
62.01092,-162.37968,-53.840557,-2.6251338,8.385635,-10.670837,34.11343,-238.95596,-160.33765,-49.64357,-188.67258,44.36052,-81.59341,-247.64262,32.495472,-260.38214,-532.3325
62.035713,-160.76312,-52.35839,-1.3376975,9.145346,-9.985008,34.37416,-234.58148,-157.32967,-47.87318,-186.63983,44.966656,-79.788795,-244.11942,32.73513,-256.60333,-525.07886
63.095596,-162.49324,-52.636677,-2.8888135,9.277881,-9.327048,35.16383,-236.24858,-159.43266,-48.04111,-189.11227,45.024837,-81.26924,-246.40869,34.60487,-259.8352,-531.28784
62.084564,-163.13301,-53.120205,-4.892343,8.098646,-9.6237755,33.968723,-238.67494,-161.66345,-49.636127,-189.72383,45.817493,-82.122856,-248.92516,33.97107,-261.6133,-537.5443
57.34476,-158.59346,-51.86767,-3.946997,7.050899,-9.894618,31.95686,-232.8592,-157.10246,-48.49538,-184.08945,46.0169,-78.65046,-243.42639,32.050396,-254.40416,-525.69507
53.795216,-155.10349,-50.966816,-2.6919472,6.762326,-9.857982,32.046814,-226.66032,-151.92528,-46.705067,-178.63116,44.726345,-75.53722,-237.44382,32.117077,-247.18501,-510.17456
54.555546,-156.16843,-50.705536,-3.26861,8.329235,-9.377169,34.598278,-229.5832,-153.86307,-47.945484,-178.41399,43.1886,-76.959045,-239.59985,32.623436,-247.92313,-512.36334
56.73644,-158.5025,-51.423386,-4.108484,9.791524,-9.241905,34.53845,-234.72528,-158.23589,-48.081554,-182.36604,41.03675,-80.72159,-242.70747,32.09472,-253.75774,-523.38965
57.171825,-156.21391,-50.223118,-3.3617675,9.345988,-8.987145,32.284863,-232.69827,-156.77159,-46.25697,-180.68425,39.796215,-80.52631,-239.07005,30.887886,-251.57483,-518.7931
56.434998,-150.95912,-48.604324,-2.0146992,6.9336553,-8.9317665,30.660402,-224.37093,-150.05064,-44.07399,-174.51135,39.939735,-76.60422,-230.2404,31.37575,-242.76779,-500.05847
56.332508,-149.94284,-49.59778,-2.0823448,5.712166,-9.502131,31.180017,-219.83722,-146.56358,-43.774426,-172.99629,42.44939,-74.039505,-226.50829,32.78345,-239.54921,-490.51477
59.346817,-153.53368,-51.922962,-3.895994,6.690106,-10.02932,33.45842,-222.96503,-149.3763,-46.140507,-176.91234,44.212425,-75.47238,-230.15793,33.94512,-244.38998,-497.7535
61.26788,-155.31737,-52.099827,-4.3296676,8.953834,-9.7006645,33.774776,-226.18816,-152.23274,-48.023552,-179.55849,44.468483,-76.952034,-234.62976,32.218956,-247.57793,-505.41815
56.5061,-151.59122,-51.149067,-1.8698349,8.632051,-9.020288,30.522278,-217.95815,-146.75638,-44.70096,-176.52374,41.74303,-73.5949,-229.02397,31.786837,-242.16202,-492.97937
54.66173,-148.79675,-47.415493,-2.1031091,7.28089,-8.480126,30.346798,-216.1624,-145.94266,-43.67396,-172.68001,39.36824,-73.41852,-227.66034,30.652527,-238.46225,-488.0515
55.02557,-150.18161,-46.88476,-3.4125774,6.4515924,-9.15823,32.057316,-219.49977,-148.96667,-44.011654,-173.96913,38.205738,-75.64905,-231.0763,30.59492,-241.62836,-495.24326
55.04186,-149.25648,-46.889492,-3.3722463,6.5472226,-9.696679,32.61062,-218.96526,-148.03801,-44.525158,-171.77156,38.594757,-75.250015,-230.15335,30.309395,-238.85405,-491.4809
52.176094,-147.26158,-48.961224,-2.0204053,7.160489,-9.706931,31.033354,-213.57208,-143.03368,-43.434433,-168.77414,40.81178,-72.1877,-224.9164,31.377634,-233.33815,-479.1535
52.12334,-144.29257,-48.606647,-2.2115142,8.113154,-8.743716,30.086336,-210.33943,-139.8458,-43.892746,-164.78001,42.46912,-70.33568,-220.08934,30.816765,-227.36447,-468.06763
52.436687,-144.90518,-47.96755,-4.100529,8.181036,-8.240103,31.171476,-210.80743,-140.43166,-45.06268,-165.42525,41.933994,-71.24968,-219.41302,30.322142,-228.1632,-467.8267
57.876556,-149.83302,-46.3345,-5.440539,7.8219976,-8.841956,32.198223,-224.42151,-150.78194,-48.021618,-173.58072,41.164974,-77.493805,-229.89314,28.240944,-240.25983,-494.88092
33.492004,-140.41446,-57.92428,2.3987098,2.9249663,-12.174799,24.307938,-179.48015,-122.44773,-26.496359,-170.4109,34.911232,-62.904022,-194.80402,40.91665,-226.73114,-432.33884
22.141582,-137.54778,-64.86858,7.148568,1.5135797,-13.165354,22.047274,-159.37411,-109.04964,-16.156015,-169.46632,33.69845,-55.230335,-180.11221,48.24292,-221.17044,-404.53592
54.85454,-154.20778,-52.721832,-0.20553987,7.9904947,-9.139493,33.636463,-225.15245,-150.28972,-43.034496,-180.40027,44.581894,-75.006065,-232.26643,34.546204,-247.95697,-502.28387
62.7582,-150.04802,-45.085575,-4.5641804,10.441574,-7.6165314,36.127724,-231.87335,-154.15263,-50.632248,-171.6539,45.505497,-76.72915,-234.39261,27.834667,-240.32196,-500.0063
52.233303,-140.93211,-47.36459,-4.628018,8.27802,-9.283023,31.35491,-205.06538,-137.81924,-42.845352,-163.38467,39.81564,-69.20661,-212.23749,30.264288,-225.80388,-456.36633
52.873856,-143.10695,-48.001434,-5.027742,6.9101725,-9.845765,28.831629,-207.31151,-139.95561,-43.633396,-166.38121,38.82822,-71.39039,-216.13492,28.731802,-229.33559,-465.23492
55.73153,-161.24936,-55.482723,-2.9778647,5.9040966,-10.734948,29.916319,-228.60075,-153.88817,-46.453896,-187.58072,44.117794,-78.71205,-241.79959,32.839806,-256.67883,-519.85565
33.630993,-139.10165,-55.860264,3.22472,3.4008608,-10.374901,23.310438,-177.80554,-120.618706,-28.50989,-164.67416,38.412285,-61.3335,-196.5928,37.214638,-219.75656,-426.805
44.26655,-153.45067,-54.729824,1.4287724,6.7887583,-9.729103,30.000565,-209.3699,-141.61926,-37.85351,-178.71779,43.34868,-71.924324,-225.9308,36.84016,-242.32227,-485.44324
52.741875,-151.19757,-46.998726,-3.6466675,9.346831,-9.025366,34.91437,-221.9041,-150.55026,-45.84843,-173.68437,41.198513,-76.78224,-232.81009,31.196432,-240.22903,-496.85303
55.178318,-169.82458,-56.957016,-4.234517,9.884592,-11.768102,39.81422,-241.12471,-164.32579,-47.62806,-196.83871,43.85887,-83.17882,-256.47992,39.741047,-270.4713,-550.7519
41.234474,-138.20393,-50.631565,-1.8178135,6.0427833,-10.453217,31.235195,-189.76921,-129.30348,-35.372314,-161.59258,35.99663,-64.50648,-204.90611,34.5292,-220.31165,-442.46204
47.9435,-149.25677,-55.6239,-0.51014805,5.7729993,-10.515039,31.690908,-208.22601,-140.77364,-39.530457,-174.51703,41.185005,-70.06158,-223.06631,34.23754,-238.09593,-481.89102
52.75213,-141.42485,-49.43422,-1.3949504,6.1620784,-8.610007,28.071543,-206.73369,-139.21553,-42.45163,-164.52744,41.470043,-70.05369,-216.56401,27.152199,-226.27562,-467.0413
54.13417,-144.04977,-49.676098,-2.8015645,7.0275297,-8.710117,27.798622,-207.77469,-140.49583,-42.05714,-167.5853,40.20719,-71.989555,-217.16003,30.6494,-230.29095,-470.298
52.904305,-142.08087,-46.93292,-3.6032135,7.2800064,-8.831142,28.924679,-203.26857,-137.13068,-40.53172,-164.48906,38.747963,-70.68834,-212.04582,32.789215,-226.3328,-459.10306
47.58532,-135.9908,-45.026184,-1.042967,5.888979,-9.112395,29.339771,-192.72386,-128.37305,-38.41609,-156.58455,38.75759,-65.37378,-202.1173,31.335848,-214.96161,-434.12878
44.637268,-136.4748,-46.26411,-0.5506264,6.188443,-9.350137,29.453705,-192.57674,-127.605965,-39.275578,-157.03993,39.871662,-65.03075,-202.25816,29.270098,-215.003,-432.78357
43.986965,-139.77135,-48.76807,-2.5666053,7.3299994,-9.08675,29.454271,-197.04506,-131.06898,-41.63473,-161.08821,39.389835,-67.76035,-206.57306,28.144976,-220.37141,-441.95618
45.410378,-143.56377,-48.8504,-5.1716623,8.190851,-8.447803,29.557487,-206.65727,-138.51253,-44.549034,-165.99655,39.133095,-72.65589,-214.6755,26.516632,-228.09843,-459.3471
42.05914,-142.87524,-49.046345,-4.2385955,6.2229443,-8.386068,27.65523,-202.96573,-136.43834,-41.300182,-166.34761,38.084713,-71.492584,-212.12784,29.718748,-227.96332,-454.85736
42.926685,-137.52965,-43.375004,-2.4729748,5.129804,-7.989002,27.637104,-200.09157,-133.46968,-40.127396,-159.3933,39.07122,-69.0336,-207.85992,27.943645,-219.7544,-442.80856
38.380676,-133.24132,-42.113026,0.5791122,3.4357805,-8.511756,26.472897,-190.03522,-126.25042,-34.967697,-155.31427,38.688282,-64.46919,-199.42345,29.705183,-213.05367,-424.87552
40.98969,-131.86826,-38.83858,-0.64619696,4.342475,-7.994851,27.523401,-193.19672,-128.66382,-36.64967,-153.06001,37.91579,-65.80992,-200.94534,27.377958,-211.49733,-426.53403
41.450703,-135.7926,-40.913292,-2.3705351,5.753414,-8.049654,27.716257,-197.84221,-133.0374,-37.438946,-158.49107,37.37237,-68.80696,-206.04456,28.072247,-218.67006,-438.8994
45.805733,-159.46362,-52.214256,-3.286213,6.6609316,-9.427253,30.336073,-228.49225,-153.9243,-44.544315,-186.38243,42.148193,-79.61354,-239.48967,34.076797,-256.11163,-511.19785
27.920982,-130.29926,-50.330025,0.801598,2.729713,-9.122028,22.544613,-172.55833,-116.22885,-30.591618,-153.89743,34.37089,-59.523144,-186.5959,33.63535,-207.4774,-400.84045
37.570595,-142.31946,-50.3834,-0.63842493,3.8957462,-9.029904,27.36053,-199.27003,-133.02367,-38.96831,-165.73828,39.390804,-68.36949,-210.49612,30.706236,-226.45961,-449.10037
41.992245,-133.87396,-41.828228,-3.182455,5.438856,-7.770498,28.421627,-196.79108,-131.45984,-39.446938,-154.96893,37.291225,-68.46341,-203.49835,24.340527,-214.55727,-434.0173
45.096752,-152.98152,-48.591545,-2.2463398,6.390971,-9.40676,31.88247,-219.21579,-146.21353,-39.767185,-178.50024,42.05585,-76.177216,-228.69223,31.612942,-245.79016,-491.17715
32.325054,-148.44955,-54.556522,2.5496228,3.813293,-10.871046,27.051952,-194.34355,-129.47768,-29.385185,-175.93747,40.666325,-66.77666,-210.10239,39.619415,-236.77324,-455.4787
27.747704,-135.95462,-51.63003,2.6733668,2.58746,-10.260394,23.351473,-174.82736,-116.58487,-26.414198,-161.50291,37.32322,-60.185654,-190.18645,37.51807,-216.18718,-413.00137
40.794704,-144.93799,-48.775566,-2.692818,4.8617263,-8.98352,27.649323,-203.29572,-135.74986,-38.97704,-169.27478,38.747017,-71.09719,-213.22748,32.190296,-231.18109,-458.54547
45.9901,-157.21347,-52.03606,-3.8367698,6.2086782,-9.001698,30.843456,-224.03896,-149.42981,-45.45695,-182.96661,41.081493,-78.29862,-233.52042,32.6899,-250.7182,-501.20065
27.089844,-136.95944,-53.04705,2.6866179,2.841343,-9.59068,23.770697,-176.36076,-117.449554,-29.71084,-162.50778,35.95444,-60.543453,-191.65462,36.120716,-217.1596,-415.753
21.644434,-143.21016,-58.759274,5.4616294,1.8822079,-11.292424,24.045628,-175.20364,-116.88821,-24.998468,-171.69405,37.641647,-59.832745,-194.97871,42.45943,-227.39851,-425.489
17.99927,-129.49512,-53.41354,4.3285065,1.7295657,-11.02536,22.619411,-156.59496,-105.22153,-20.924612,-155.55365,33.794884,-54.225285,-175.1162,40.233322,-206.20969,-382.9228
39.25675,-141.94487,-45.86479,-3.6918736,5.367962,-9.219671,28.37918,-202.55244,-136.21602,-38.150364,-165.39346,37.759544,-71.34748,-211.73325,31.345764,-228.37932,-454.68024
48.01949,-147.26122,-44.885998,-5.3209524,5.7077675,-7.438941,28.220182,-220.684,-148.26796,-43.304398,-170.0855,40.03737,-77.42287,-226.76074,27.255898,-238.25545,-484.9562
22.535448,-130.84653,-54.434383,4.3842545,1.3766005,-9.808756,20.449018,-163.8439,-110.741615,-22.056564,-156.53134,34.20431,-56.482292,-181.13509,38.940357,-210.20451,-395.15375
16.10883,-122.09395,-54.031364,6.0809274,1.0510954,-10.640343,19.52327,-143.29202,-96.58795,-17.478678,-146.71175,32.057896,-49.02852,-162.94852,41.1406,-194.21964,-355.38525
37.64022,-135.25995,-45.165718,-0.77185583,5.323332,-9.195199,28.514547,-190.54019,-126.5022,-38.26559,-155.78883,38.752182,-65.12957,-201.12807,30.7697,-214.57858,-425.18243
42.7192,-132.40497,-40.632874,-5.2262716,5.554846,-7.617174,28.2471,-195.27284,-130.78737,-40.99505,-151.55988,35.28377,-68.790474,-201.7843,24.415312,-211.13513,-426.30453
36.62995,-138.73323,-46.739235,-2.9019635,3.452282,-7.528145,25.060085,-194.04355,-130.5679,-35.101494,-161.43936,34.882084,-68.81093,-204.36292,28.059412,-221.4508,-436.63977
21.98605,-140.84119,-56.720898,4.1604495,1.0641571,-10.13376,21.516445,-172.56036,-116.50463,-22.303137,-168.342,33.235134,-60.64754,-191.77344,40.08777,-223.76674,-416.6408
23.911041,-147.78311,-59.84226,5.048791,2.628488,-12.564964,24.484812,-180.69154,-121.463005,-24.239208,-176.786,35.041065,-62.013348,-201.40248,44.131004,-234.75935,-436.59155
35.115612,-149.4015,-54.006065,0.8895909,5.6483607,-12.167301,29.894337,-199.10286,-133.24754,-35.048733,-175.88213,37.88486,-67.788635,-214.33252,39.061707,-237.76027,-458.4669
26.621286,-146.21523,-60.95398,2.4662898,4.3245115,-13.125507,27.665112,-180.79858,-122.569016,-27.501814,-175.4212,36.243534,-62.57464,-200.33243,46.25758,-232.82175,-434.1667
24.01329,-142.86935,-62.00538,3.2726572,3.0774016,-11.845871,25.401806,-174.61745,-118.90988,-25.183811,-172.95761,36.22324,-61.404984,-194.2075,45.985306,-228.40327,-424.74734
26.332897,-144.24837,-60.60876,3.6538243,2.0890434,-10.253553,24.1174,-182.61021,-123.69193,-27.39894,-174.48824,38.694794,-64.07761,-200.22293,42.38054,-231.54144,-438.96133
25.502975,-141.29883,-57.46707,3.1427069,1.6617179,-10.431029,23.806969,-177.65494,-119.566734,-25.244432,-169.24039,37.229507,-61.524628,-195.44675,41.983795,-225.3711,-427.58432
24.463663,-142.85246,-56.14581,2.2788174,2.6361356,-12.035141,25.269516,-177.73163,-119.5186,-24.772982,-169.81166,36.608574,-61.690434,-196.17094,43.365627,-226.466,-428.28778
26.507528,-147.57245,-55.97757,2.3533676,4.4548774,-12.49413,26.478039,-185.77647,-125.111015,-28.05081,-174.47472,37.361988,-65.34966,-203.6518,42.46273,-233.16562,-443.0329
26.092764,-148.46892,-58.350273,3.8445048,4.00926,-11.453488,25.110746,-185.16925,-124.39656,-28.017069,-175.22449,37.45557,-64.881645,-203.78152,42.43684,-233.66414,-442.79242
25.165201,-144.57147,-59.026966,3.3519762,1.7622492,-9.967957,23.46697,-178.29543,-119.116905,-25.91631,-169.69954,36.745132,-61.332867,-197.49184,42.534492,-226.52711,-428.20828
25.66449,-142.52031,-59.06657,2.2766867,1.0730534,-10.054924,23.67457,-176.73854,-117.94829,-25.380415,-168.45557,36.596836,-60.56961,-196.08841,42.993702,-225.12592,-424.92435
27.331945,-143.57837,-58.657425,1.969248,1.9450724,-11.476622,25.486969,-179.95026,-120.4152,-26.700344,-171.05457,36.631435,-62.18731,-199.21417,43.51862,-228.64786,-431.12012
29.160414,-146.67703,-57.98884,3.0821307,4.47285,-12.885432,26.128443,-187.6136,-126.42922,-29.222916,-177.03047,37.19422,-65.902214,-205.56778,42.333904,-236.28583,-447.02063
27.380917,-146.46652,-58.254105,4.492394,5.106742,-12.728611,24.748352,-187.68341,-126.750885,-28.506168,-178.64458,38.060215,-65.943726,-205.30505,41.73668,-237.58511,-448.8179
23.205599,-142.37799,-58.86166,3.830949,3.353795,-10.609238,23.587082,-179.9976,-121.426704,-24.876953,-174.16364,37.670074,-62.402332,-197.96793,43.029892,-231.24854,-434.4038
21.492167,-140.922,-58.85711,1.8529273,0.9127078,-9.985748,24.964714,-174.80156,-118.01298,-23.39177,-170.15851,35.717808,-60.33573,-193.4045,45.155632,-226.64212,-423.34442
23.933872,-143.3734,-58.725555,0.86358225,0.64371526,-10.700577,26.652351,-179.65707,-121.445366,-26.20629,-170.94875,35.95083,-62.375435,-197.3529,44.066402,-228.80191,-429.92224
25.615843,-148.91324,-60.674934,2.1682756,1.9150282,-12.869024,26.655373,-187.18105,-126.99942,-29.442696,-176.84348,36.779285,-65.87776,-204.6325,43.08766,-236.3195,-445.45187
26.55307,-148.39848,-59.364,5.2725606,4.5687656,-12.499524,24.201334,-188.19244,-126.9653,-30.83799,-175.27905,39.233337,-65.5252,-204.82025,41.337524,-233.84085,-444.22943
26.07183,-145.82137,-58.94215,6.563013,4.9258585,-11.056821,23.006407,-181.8784,-122.07023,-28.143778,-172.48465,39.35486,-62.315716,-199.48846,41.621567,-229.12476,-432.34857
29.543093,-147.18526,-58.68423,3.935312,3.5481489,-10.598125,25.03619,-183.5812,-124.00128,-25.777243,-174.10957,36.373352,-63.752995,-200.99016,43.208088,-232.0629,-436.40378
31.143759,-149.46048,-59.654194,0.7457394,1.6173552,-11.746434,27.153374,-187.31583,-127.17262,-24.890547,-178.3795,34.88769,-65.98856,-204.96231,44.560215,-237.87852,-446.13345
29.827803,-148.31284,-59.860344,0.3351225,1.0732151,-12.645276,26.694595,-186.48102,-126.1553,-25.324532,-179.01605,34.17662,-65.29775,-204.66228,43.700672,-237.96165,-446.3078
25.355019,-144.38844,-60.117546,2.9110763,1.8714556,-12.224996,24.202728,-179.86574,-120.21308,-26.35941,-175.62364,35.852173,-61.39701,-199.30942,41.777534,-231.70903,-433.93365
24.142868,-143.9674,-59.74995,5.0702753,3.751392,-11.251547,23.878588,-180.15916,-119.41641,-29.413847,-175.25867,38.495525,-60.77666,-200.09943,40.03881,-230.96724,-433.73288
24.07991,-147.66833,-60.240265,4.4186234,4.285222,-11.109439,25.716503,-185.74855,-123.37867,-31.013206,-179.25629,39.89768,-63.502125,-206.24347,40.84722,-237.19836,-445.76587
24.038803,-150.3156,-59.97289,1.6791945,3.1724799,-11.523041,27.456318,-188.18195,-126.89896,-30.211401,-180.1196,38.865856,-66.39848,-208.889,43.106052,-240.3371,-451.39627
23.377853,-152.68907,-59.54437,-0.94638574,2.2786827,-11.865766,29.061697,-191.15675,-130.61107,-29.800451,-180.97525,37.513275,-69.15321,-211.85748,44.729076,-243.44919,-457.61914
21.92082,-151.26016,-59.714886,-0.18616223,2.519202,-11.568124,28.160555,-187.69167,-128.61012,-29.454353,-178.96182,36.717735,-67.96869,-208.85301,44.197365,-240.19046,-450.86288
22.860535,-152.22415,-61.228325,3.1124904,4.7762585,-11.665956,26.093704,-191.83266,-129.27338,-32.052708,-182.01334,36.705933,-67.19925,-212.45602,40.578434,-242.8929,-458.3621
23.241781,-150.59465,-61.199917,3.9268837,4.745831,-11.289983,26.276154,-188.56964,-125.31191,-30.983177,-181.04341,35.10958,-64.75116,-209.70267,41.096134,-240.69757,-451.89688
26.506424,-151.4339,-59.80697,2.4630992,3.8651686,-11.046702,28.436914,-190.96788,-125.956665,-31.46878,-182.37764,34.750164,-65.25001,-211.73557,40.746574,-242.62646,-455.2083
28.885473,-155.78035,-60.23302,-0.13865116,2.7535877,-11.703114,30.026543,-197.92204,-130.5675,-32.12085,-187.53099,36.5232,-68.48419,-218.37166,40.364677,-250.55609,-469.98605
26.576052,-155.0218,-61.03587,0.31441897,2.3318634,-12.154368,28.265984,-195.86513,-129.00465,-30.044647,-186.94695,40.086445,-68.04151,-216.67976,40.260937,-249.85672,-467.305
22.811651,-150.08896,-59.49175,2.3578384,3.3518445,-11.278874,26.434889,-189.7467,-126.38219,-29.845598,-181.07423,41.776936,-66.31904,-210.32361,39.38256,-242.51846,-454.2147
20.419102,-149.58337,-59.766357,2.3260438,4.367152,-11.0063925,27.057613,-188.8899,-128.06906,-31.108109,-180.43277,40.77373,-67.58129,-209.49173,40.911938,-242.41321,-453.43048
20.231245,-152.78986,-60.847248,0.1372078,4.425832,-11.378146,29.69902,-194.42664,-134.61282,-33.493595,-183.85971,37.864864,-71.3429,-214.57182,43.590725,-248.36125,-465.13123
20.60218,-164.78639,-65.36641,0.1566317,3.3836129,-12.787937,32.18927,-208.46135,-145.80501,-35.899704,-196.6623,38.8133,-76.72132,-230.11118,48.157543,-265.9992,-498.50293
24.280611,-164.93,-61.78623,1.178373,3.1972194,-11.966109,31.642384,-213.83572,-149.34123,-38.142944,-194.40224,40.37151,-77.228065,-233.66032,44.284336,-264.44043,-503.45627
26.842653,-158.43024,-56.546368,1.4016571,4.1169586,-10.657455,29.529316,-210.47928,-144.92743,-38.39147,-186.02412,40.176807,-73.79456,-227.68039,37.826927,-253.16954,-488.86996
22.612196,-167.16092,-65.67553,3.3174767,4.5017896,-12.36747,29.372177,-208.69644,-141.45096,-33.06805,-198.86345,42.11584,-72.32534,-230.9956,45.32295,-265.5563,-499.45978
27.092287,-156.6736,-58.95352,-0.59029746,4.849495,-10.893217,30.115414,-202.70381,-134.09164,-34.934666,-185.56868,40.61904,-70.26981,-221.21793,39.757187,-248.77962,-474.867
33.46124,-167.7748,-62.65062,-1.9790859,4.0483565,-11.862113,33.241646,-219.62894,-143.23834,-38.402054,-198.58249,43.821384,-76.58708,-239.0753,43.393566,-266.60248,-511.62915
24.56808,-149.25467,-61.097237,1.4758736,2.3706808,-12.275317,26.128231,-186.38634,-122.19291,-28.799255,-180.9964,36.68343,-66.62834,-207.46948,44.185776,-240.38713,-450.97745
31.757734,-166.00774,-63.240208,1.7007947,4.3752794,-11.989626,30.269917,-216.33105,-142.64734,-37.870373,-199.1839,41.540794,-77.17991,-237.12593,44.73282,-267.86588,-511.2011
25.591484,-162.28943,-62.975227,2.2937045,3.967183,-11.36851,30.91705,-202.93117,-136.70335,-33.83249,-191.6334,40.882557,-71.21571,-225.34612,45.900837,-257.14346,-482.99692
31.924871,-162.22072,-57.140797,-2.065029,5.504908,-10.42003,33.031673,-215.4438,-147.67096,-40.28737,-188.05823,42.458782,-75.11115,-232.97371,37.920692,-256.58383,-493.73743
22.116873,-154.66519,-62.29744,1.0647143,3.244062,-12.885445,26.59526,-192.08415,-134.67955,-29.292496,-185.08759,39.08815,-67.9607,-213.1465,43.1005,-246.6719,-463.24747
18.987635,-145.27246,-60.288853,3.7489653,1.9853913,-11.708308,25.252153,-176.63927,-124.213066,-26.139448,-176.38748,37.16834,-62.42212,-198.25511,45.68812,-232.29002,-433.52094
26.639603,-157.35677,-61.444847,3.1983023,3.2244835,-11.0428505,30.175747,-200.84024,-138.96283,-34.369698,-191.21739,41.620087,-71.16569,-221.25177,47.216507,-252.36781,-481.61057
34.475784,-167.2746,-62.569103,0.95448256,5.102193,-11.347629,33.8658,-223.04788,-151.30025,-41.385277,-203.75328,44.580437,-80.0095,-241.4027,45.568363,-269.41455,-524.3967
37.430714,-160.7443,-58.08622,-2.4294913,5.9577203,-11.112168,32.65254,-222.33626,-147.80276,-43.130898,-194.44086,43.36758,-79.92173,-237.19582,37.445194,-259.06598,-512.5896
25.146765,-156.66183,-63.359913,0.38383722,3.3598042,-12.357375,27.64068,-196.73552,-129.34125,-30.660378,-188.69673,40.520317,-70.12592,-217.59236,41.632214,-248.81433,-473.22244
16.724371,-147.63382,-62.45109,3.078626,1.7124143,-11.484066,25.623491,-173.4338,-113.43345,-22.977268,-176.08553,36.067383,-60.22097,-197.34969,44.57639,-232.55602,-426.76846
25.182745,-163.61021,-61.4199,1.4749732,4.3638086,-11.740603,31.335032,-207.3008,-134.83627,-34.123394,-192.47981,40.324856,-70.978065,-229.57927,45.174072,-260.39304,-487.1799
27.425278,-156.56169,-56.114117,0.4664103,5.197486,-11.864446,29.85422,-208.49649,-137.58255,-37.665833,-185.92258,39.87105,-72.53828,-227.14046,41.4487,-253.95659,-482.09088
25.218964,-154.7131,-59.36245,1.1178708,3.9956367,-12.127672,27.69864,-205.28773,-137.29253,-35.51352,-186.71657,40.754276,-71.87899,-224.92024,42.55442,-254.64658,-480.6226
16.75793,-144.11841,-62.667156,2.4712589,1.5529989,-11.505932,24.316273,-176.74316,-119.83055,-24.84491,-175.19022,37.297382,-62.05586,-199.82564,44.619156,-235.92075,-432.0985
21.795753,-148.41011,-60.643795,0.36462536,2.8339295,-10.822489,28.214561,-188.27953,-128.60968,-29.721977,-178.22742,38.426395,-66.69765,-209.38318,42.071556,-242.03307,-450.66537
24.353558,-153.12436,-60.41559,1.3188767,4.405066,-12.023122,30.103611,-194.31274,-133.2482,-32.18152,-183.51146,38.30635,-69.654045,-215.12057,42.43234,-247.97395,-463.67438
25.712492,-153.09862,-60.29416,2.7739937,3.6493635,-12.327106,29.03893,-192.31491,-131.69345,-31.290573,-183.01239,37.253914,-68.49944,-213.26889,43.16584,-245.89131,-460.70096
24.379469,-149.94379,-60.28536,2.762433,2.186552,-11.352099,25.747044,-185.05885,-125.415726,-28.957169,-178.977,38.278767,-64.61099,-206.28429,43.185307,-237.78693,-445.7949
24.80496,-150.00218,-60.437668,1.4301436,2.0488708,-10.77796,24.66048,-183.15672,-123.33974,-28.652218,-178.87566,38.63311,-63.614075,-204.45888,43.1931,-235.5445,-442.0126
27.976818,-153.47081,-60.28234,-0.30568218,3.521603,-11.402185,25.613422,-188.22969,-126.527214,-31.307024,-182.8899,38.6559,-65.986275,-208.91296,42.523235,-239.38391,-451.40042
29.795517,-157.5392,-60.164722,-0.16602252,5.1589146,-12.450163,28.539442,-197.8315,-133.3647,-35.01409,-189.11496,37.71891,-70.942604,-217.53214,41.90133,-248.05829,-470.3644
27.257698,-157.19063,-61.40672,2.6477098,4.256872,-11.811666,29.639692,-199.7176,-134.27519,-35.07296,-190.07367,38.658333,-71.65549,-219.5127,41.4785,-250.81071,-474.77658
22.455107,-153.4309,-61.359074,3.6018836,2.0154724,-10.807138,28.588608,-195.48633,-130.95465,-32.054943,-186.42407,40.20145,-69.2867,-215.90741,41.249905,-248.10027,-467.7953
19.709269,-147.879,-58.639732,1.7171648,1.8823104,-11.154011,27.433584,-187.9599,-125.78851,-28.569546,-178.81721,38.892586,-65.39701,-208.68396,41.86325,-240.94719,-452.81012
18.69585,-146.88516,-58.03982,-0.6797207,3.3748057,-12.022554,28.03092,-187.14178,-125.46312,-27.975523,-176.61943,39.139107,-64.915276,-208.02605,43.26782,-240.45277,-450.9898
18.246397,-149.69745,-59.56682,-1.2062423,5.3489733,-12.432283,28.979239,-192.2302,-129.45546,-29.790054,-179.54002,39.744648,-67.30518,-213.08577,43.60818,-246.20312,-461.71573
18.850307,-153.87727,-60.56477,0.3124139,6.0103865,-11.550379,29.341656,-199.172,-134.44942,-33.604588,-183.75394,39.846478,-70.51675,-219.33548,42.12978,-250.51863,-472.31897
19.012342,-153.90166,-60.187042,2.921493,4.6682267,-10.506799,27.68538,-199.03499,-134.09904,-34.533638,-183.10493,37.94832,-70.21474,-218.81169,40.879997,-247.9206,-469.08292
18.833828,-150.19994,-58.506935,3.4599671,1.4930316,-10.842804,26.513403,-191.63289,-128.48347,-32.068203,-177.81006,35.8979,-66.4907,-211.76997,41.495064,-239.21706,-452.03082
20.483387,-149.87077,-58.450523,1.5605713,0.38873732,-12.110043,27.185804,-188.99736,-127.03533,-29.67027,-176.9152,34.92537,-65.93027,-209.39113,43.33493,-236.94868,-447.11438
24.315989,-153.2293,-59.982548,-0.99235463,1.3985271,-12.474194,29.199507,-193.15858,-130.71916,-30.180983,-181.0305,35.08498,-68.71796,-213.2703,43.582912,-241.63121,-456.48917
27.543367,-155.52927,-61.402534,-1.4391227,3.6997843,-12.081506,29.49964,-196.60814,-133.376,-31.559893,-185.51741,36.38704,-70.51404,-216.34819,42.24639,-246.37404,-465.96857
28.151514,-153.88327,-60.93613,0.4506625,5.365304,-10.930821,27.926296,-194.69977,-131.46327,-32.376217,-185.16078,38.81383,-69.11812,-214.113,40.055183,-244.44313,-463.1973
27.59504,-152.4605,-60.98033,2.2055864,6.7807236,-10.042969,26.30621,-192.12943,-129.29414,-32.524826,-185.19536,39.936493,-67.6406,-211.56609,38.138405,-242.98337,-460.30453
28.20272,-153.138,-60.80524,1.3109678,6.845006,-10.113898,26.892864,-193.25558,-130.649,-32.93891,-186.32089,38.868473,-68.6652,-212.56842,37.63131,-244.91211,-464.39294
28.432745,-156.2802,-61.477695,-1.1684432,5.2156925,-11.448154,29.737005,-196.33067,-133.78157,-32.707207,-188.41917,37.127777,-71.00355,-216.0627,39.684753,-249.09251,-470.7545
28.517115,-166.54958,-65.56173,-0.9523528,4.24042,-12.73549,31.975988,-208.42209,-141.76053,-33.643867,-199.15869,39.24329,-75.016106,-229.89856,43.964287,-264.0194,-498.4417
31.295004,-167.72557,-63.145355,-0.3152024,4.7632976,-11.712077,32.033665,-217.27368,-146.25278,-37.707962,-198.69531,40.756416,-76.72546,-236.70561,41.215633,-265.16534,-508.7495
34.15314,-161.32938,-58.07493,-0.66809714,7.469902,-9.269862,29.262264,-219.45912,-147.25713,-42.06659,-192.46864,41.152946,-77.071915,-235.33391,33.73883,-257.9991,-504.38644
26.476473,-153.81065,-62.140953,1.0819333,6.6392603,-10.162791,25.902836,-196.24908,-132.11432,-32.98239,-186.68971,38.68519,-68.864624,-216.22733,38.321846,-246.1048,-467.43176
23.142597,-146.86346,-62.09833,0.85751677,4.579952,-11.451233,26.020428,-180.38484,-121.041,-27.129812,-178.19872,36.12494,-62.7494,-201.89723,40.54182,-233.3365,-436.98038
29.874027,-162.28029,-65.49081,-0.27421278,4.631656,-12.795318,31.707012,-203.4693,-136.4219,-32.646435,-194.86789,39.555195,-71.25321,-225.2509,44.028915,-256.34262,-485.12238
34.083305,-158.70973,-59.363483,-0.9914161,5.3901114,-11.400108,32.15948,-206.30855,-138.79735,-36.626884,-189.41196,37.491844,-73.51553,-224.25266,39.04405,-250.70323,-481.97607
31.56122,-159.46071,-59.938637,1.2130866,6.5855007,-10.276565,30.13822,-204.03099,-137.63092,-36.28699,-191.25938,38.671368,-73.08221,-222.72295,38.80899,-251.70486,-480.941
21.21915,-148.09674,-61.23401,3.0333917,5.1022663,-10.244093,23.781494,-177.78716,-120.70827,-27.298096,-179.89401,35.54504,-63.65438,-199.0834,40.5659,-234.00674,-435.40082
25.275492,-152.77847,-61.223118,-0.78031063,5.1722374,-10.84949,24.884956,-190.3826,-129.73946,-31.70346,-184.38443,38.45583,-68.72264,-209.55792,37.222065,-242.1419,-457.07462
28.857733,-156.55101,-61.911858,-1.4516888,4.891033,-11.817057,27.918829,-197.95287,-135.44028,-33.278427,-188.20401,38.00702,-71.08598,-216.40945,38.46451,-249.33684,-470.80872
28.610235,-154.26184,-60.863796,0.38285536,4.588071,-11.280074,29.52662,-195.48596,-133.45758,-31.747635,-184.76712,37.528347,-68.722824,-213.75085,40.66733,-246.17267,-463.53745
38.37721,-166.18857,-58.1281,-0.15098579,7.3754897,-9.232603,34.515774,-228.60767,-153.59181,-42.548943,-195.37027,44.781605,-77.421936,-242.76619,36.426537,-265.8975,-518.90234
33.007786,-151.71585,-55.089783,0.3129503,7.6943946,-9.313247,28.606514,-208.17978,-139.89847,-38.47002,-179.13425,40.5873,-70.15776,-221.386,31.810669,-244.00378,-474.85617
26.151587,-164.55603,-67.34138,1.2899524,6.0658283,-12.586945,28.142073,-207.75282,-140.94897,-33.62582,-197.41687,40.17814,-71.54441,-228.13193,41.791,-264.46387,-495.57114
29.77574,-164.97787,-63.14493,-2.1245883,4.1106586,-10.935399,31.172272,-214.1907,-144.4317,-36.744194,-196.09962,39.981976,-74.703964,-232.91414,39.022736,-265.2364,-503.23538
33.79539,-167.66249,-62.366676,-2.3531094,4.974346,-10.93228,32.06013,-225.52716,-149.55992,-40.18588,-200.02739,45.014442,-77.85243,-242.60826,36.04229,-268.63156,-520.16614
26.968342,-154.26228,-61.89277,1.026428,5.6933527,-11.296451,28.619339,-199.4188,-131.88272,-32.813824,-187.56146,40.43654,-69.83573,-218.04498,38.325516,-246.22382,-469.38925
26.919117,-165.03642,-67.92778,2.0669017,7.727364,-12.191728,30.694256,-207.42404,-137.53465,-32.86363,-203.43901,40.464417,-74.6294,-228.86389,45.00986,-263.0109,-495.2767
30.751205,-164.71245,-63.16715,-0.98499805,7.396251,-10.282533,30.582182,-209.66235,-141.3623,-36.984016,-201.83565,40.677254,-75.61487,-229.53563,41.898045,-260.71857,-495.62943
37.118355,-169.91388,-60.340626,-3.10483,5.9812164,-10.425614,30.695723,-225.58563,-153.20009,-44.407677,-204.79892,44.03809,-79.834,-242.74171,37.34647,-267.72833,-520.84247
29.819622,-158.25426,-60.729866,-0.07110587,4.2864957,-11.96237,26.976425,-201.38867,-138.67577,-35.592426,-188.65067,39.455597,-71.41551,-219.8686,38.90755,-248.03539,-474.17847
29.58072,-167.80978,-67.742516,1.6582178,5.5862336,-12.842582,29.488071,-209.76312,-144.13638,-33.027092,-199.94426,39.28969,-75.272064,-231.25401,44.060066,-266.35803,-501.57938
31.055744,-165.20728,-65.25136,1.0739155,7.0101914,-10.845658,31.610699,-211.37346,-143.71935,-33.58689,-195.16272,38.995247,-75.506805,-231.721,41.440796,-265.12735,-501.5586
36.104023,-167.93265,-61.309727,-1.2244133,8.177692,-9.279697,34.433296,-227.31903,-151.71854,-40.807774,-197.03838,43.42142,-79.51307,-244.87474,36.780426,-271.9334,-525.7945
28.805897,-153.23807,-59.80085,-0.51794726,5.372301,-10.574244,28.88734,-200.45294,-133.26952,-35.138752,-181.34964,39.991127,-70.16211,-219.21223,38.03995,-247.20985,-472.35245
24.2233,-151.79185,-63.152454,0.26350617,3.8515208,-12.490694,26.05183,-190.1474,-126.79415,-31.734632,-181.43852,38.37029,-67.2394,-211.26636,42.51141,-243.52654,-458.3769
24.046093,-162.31679,-67.02574,1.6573749,4.990496,-12.574054,27.897198,-198.31003,-133.25972,-31.230999,-194.96738,38.7364,-71.2251,-220.91925,45.800846,-256.58066,-480.2687
32.80988,-168.422,-61.618553,0.4226585,7.266759,-9.747584,31.921732,-218.13641,-145.75441,-37.844257,-200.01318,41.822575,-77.44989,-236.21722,38.568653,-262.67557,-507.89166
35.4381,-161.42633,-57.839943,-1.642694,7.010343,-9.555026,30.732346,-214.90273,-145.06454,-38.147774,-193.27072,41.14518,-75.927284,-230.52153,33.235962,-253.58823,-496.63702
27.794182,-154.71202,-63.40926,0.08716361,4.7538137,-12.141992,27.246698,-193.5617,-132.51756,-29.812183,-188.93695,38.60147,-68.50771,-213.6697,38.130043,-245.64691,-465.90094
25.340721,-158.98132,-67.32896,1.7956396,4.2898273,-12.531493,28.619179,-193.72539,-132.31956,-30.396072,-193.76846,39.58084,-68.420494,-217.16254,43.55642,-253.01518,-471.8028
30.037172,-146.84941,-54.70247,-0.74908197,6.064567,-9.087545,28.451023,-193.69504,-131.08519,-36.757633,-176.0483,37.410553,-69.0282,-210.83388,34.851284,-235.85509,-451.88193
22.540152,-143.3256,-58.022068,1.5648193,4.9581785,-10.217338,24.795156,-177.19547,-119.663635,-29.261383,-172.26288,34.051434,-63.54669,-198.22424,40.405457,-230.07262,-427.5476
16.027939,-152.85286,-68.87934,4.2221127,3.596312,-13.3413,23.760262,-173.25961,-117.3955,-21.156824,-185.59235,33.59747,-62.454327,-200.15163,49.531364,-243.36395,-438.05374
34.410454,-169.17168,-62.523716,-1.7202555,6.5474396,-11.409235,31.84217,-223.92857,-149.76083,-39.80296,-200.13698,41.565487,-79.16504,-241.24225,37.028843,-267.49353,-518.5972
39.557323,-165.16605,-57.06168,-2.5336466,7.028573,-9.25277,33.656513,-228.58008,-151.38474,-44.380394,-193.87001,44.57381,-78.81284,-241.19054,30.553974,-258.2946,-515.37317
26.65218,-153.52231,-62.942852,1.2922106,5.2045465,-10.974388,27.294003,-191.30684,-129.15622,-30.168146,-186.24051,38.311306,-67.33029,-210.76387,39.54589,-241.10608,-460.11737
26.603184,-161.92462,-67.35777,0.92887104,5.73127,-12.425695,27.889347,-198.23799,-135.99532,-30.767212,-198.56372,38.456024,-71.69374,-220.3243,45.10512,-255.91393,-484.7581
33.816288,-169.52588,-64.07502,-1.485806,7.0170393,-11.7290945,31.309698,-219.45389,-150.37791,-39.7843,-205.13577,42.687565,-79.54337,-239.35548,41.945625,-268.84433,-520.42847
34.786236,-161.4719,-58.37202,-0.94375056,6.01653,-9.997052,31.430422,-213.27031,-144.5894,-40.137714,-192.7056,41.58047,-76.0636,-231.37468,37.11522,-256.1196,-497.00427
27.454296,-155.96722,-62.19415,1.8167806,5.3037553,-10.9345045,28.239056,-194.15092,-131.89334,-31.949066,-187.04124,38.82043,-69.2891,-216.13788,39.251877,-248.6596,-466.10114
26.289257,-160.60774,-66.44057,1.421034,5.544223,-11.966401,27.96634,-197.62965,-133.26537,-30.408388,-192.48936,39.395348,-69.99779,-220.84009,41.158012,-256.8489,-476.06937
34.381306,-167.0201,-63.587334,-2.042574,6.8045897,-11.345617,30.78381,-220.20096,-147.07875,-38.505787,-198.09067,42.19592,-77.419975,-238.22736,35.964455,-267.34293,-510.88235
35.148228,-159.3548,-57.755608,-1.6290039,6.279958,-9.941411,31.100142,-214.69875,-142.61432,-39.66216,-189.18948,41.667,-75.192276,-229.42776,33.34887,-253.438,-491.70682
27.212622,-154.9378,-61.420864,1.6040766,4.749256,-10.916581,28.77971,-194.83717,-130.53609,-31.99634,-187.49521,38.854126,-69.229866,-213.25398,41.111557,-245.00078,-462.66528
25.505571,-161.15346,-66.13889,2.0906823,4.963372,-11.930834,28.642696,-197.43164,-133.42824,-30.731073,-196.63611,39.11613,-70.70797,-218.48837,46.56815,-254.4018,-476.9759
32.029396,-167.79422,-63.39122,-0.401793,6.7144637,-11.076263,30.930738,-217.97186,-147.42833,-38.979855,-203.41165,41.664673,-78.04693,-235.52965,42.795704,-264.79953,-511.58856
34.723465,-162.03015,-57.126026,-1.7681288,6.5620375,-9.567057,32.570118,-217.92334,-146.35516,-42.011326,-194.14944,40.569004,-77.424255,-232.46327,36.97543,-255.4061,-499.61224
25.19645,-158.90039,-63.936035,1.8184493,4.662957,-11.556725,29.053474,-197.68044,-132.52118,-31.992311,-192.70442,39.334763,-70.12435,-217.48846,43.14622,-250.4535,-471.46652
31.092121,-159.22096,-60.019737,-1.0717161,5.9594965,-10.5798855,29.5072,-209.0451,-140.08705,-36.863434,-192.20277,39.990345,-74.4493,-224.96677,38.688366,-253.21506,-486.99466
40.13349,-158.418,-52.329773,-3.9723632,7.6009083,-8.410259,32.196304,-222.9456,-149.2883,-45.223255,-188.67993,40.232582,-79.31727,-233.69066,32.704456,-252.38348,-500.89642
26.032873,-148.44852,-58.76878,1.8802037,5.108055,-10.339253,27.40206,-185.24174,-125.27568,-30.928835,-180.42905,34.726868,-66.324066,-203.59294,41.524174,-234.01282,-442.00348
21.731548,-149.33887,-62.695087,3.346802,4.3247137,-11.539174,25.85176,-178.89836,-121.46983,-27.319233,-182.87201,34.847607,-64.21066,-199.9072,43.893192,-234.25206,-436.99384
26.80118,-164.87749,-65.979675,0.09822342,4.995104,-11.8047695,29.56471,-206.1789,-139.3573,-33.415764,-200.23352,40.91359,-73.90439,-226.35976,44.216583,-259.80582,-493.63513
30.211176,-156.76143,-57.456333,-1.5105007,5.8434696,-9.762711,30.781866,-206.99754,-139.13,-37.21642,-188.88213,40.084064,-73.855835,-222.52757,37.41661,-249.0856,-481.79932
27.98255,-157.52127,-60.1336,1.6216896,6.05324,-10.636421,29.795914,-202.24585,-135.12901,-35.6168,-189.76445,39.953857,-71.43254,-219.53604,40.587585,-247.84552,-473.79028
23.015865,-153.6652,-63.81376,3.1952684,4.758764,-11.530987,26.568281,-186.37984,-125.30211,-29.15857,-186.75632,36.01368,-66.67256,-206.40477,44.64013,-240.67984,-447.93027
29.479591,-167.00919,-66.221634,0.33760855,5.207159,-11.425623,29.5573,-208.83134,-140.40622,-34.6944,-201.49706,39.193596,-74.82055,-228.23195,44.808258,-261.07846,-492.77267
32.257812,-156.89423,-57.99523,-2.0687501,5.626789,-9.766132,29.339346,-205.32324,-138.40097,-36.74696,-188.90146,38.352165,-73.395996,-220.66832,37.0662,-247.19601,-476.77142
31.130575,-158.50781,-59.332066,-0.7179268,6.372909,-10.642588,29.716536,-207.99568,-140.49638,-36.80222,-192.86298,40.14894,-74.08417,-223.84448,37.171425,-252.20488,-486.946
21.123243,-149.076,-62.565365,3.5236547,4.415601,-11.518027,26.678299,-182.06056,-123.13447,-27.429113,-182.68733,36.958385,-64.1973,-201.76132,41.28254,-236.18256,-444.09027
26.686941,-164.20601,-65.79677,2.2095778,5.3344746,-11.4863,31.011274,-207.45616,-139.81464,-34.50659,-198.96199,40.50396,-72.91588,-226.65175,42.465824,-259.5987,-496.92096
29.90433,-159.56578,-59.12885,-1.2156421,5.6822095,-9.746441,31.31698,-207.85382,-139.8064,-38.113777,-190.66399,38.71538,-73.9276,-224.28786,39.9187,-250.69781,-485.16946
28.976496,-158.3031,-58.847927,-0.928926,5.7174053,-10.281087,29.36473,-202.42606,-135.70284,-36.03202,-188.97063,38.655273,-72.506996,-220.31885,41.410786,-247.29648,-474.29227
23.234741,-151.05637,-61.675205,2.3624356,5.0481043,-11.912999,25.125141,-184.33124,-124.24743,-28.22515,-184.51022,36.750526,-66.81939,-204.9613,42.805016,-237.92397,-444.13705
27.691292,-154.99185,-62.24061,1.2294894,5.3270817,-11.330016,26.739862,-197.28748,-133.62271,-31.810244,-190.62222,38.539864,-71.14099,-215.5493,39.318863,-247.71199,-469.53302
26.13935,-152.63942,-62.350292,0.91966045,4.439897,-10.248924,28.32296,-192.63734,-130.87099,-30.997908,-188.37738,37.229755,-68.545845,-210.99216,39.766666,-245.1017,-462.6649
27.106588,-152.16872,-60.450077,0.196803,4.5504866,-9.641341,30.599396,-192.58913,-130.77173,-32.53324,-186.25644,35.78283,-67.98048,-210.29117,40.317795,-243.1991,-461.05844
27.818462,-155.55707,-60.141365,0.4167533,5.879962,-10.994593,31.035978,-197.56033,-134.34657,-34.7194,-189.53012,36.204666,-70.12114,-214.7749,41.38674,-247.4508,-471.57126
26.021446,-155.04791,-61.09634,1.7282847,5.655171,-11.90049,28.486742,-194.99187,-132.02846,-33.6496,-187.78271,37.93807,-69.48893,-212.61409,41.708782,-244.52336,-467.05963
24.474806,-153.15388,-61.04462,0.95444775,4.4927535,-10.511663,26.274136,-191.29889,-128.28917,-31.229748,-184.00551,39.257957,-68.747406,-210.20251,41.494335,-239.09462,-456.74084
24.597166,-155.14682,-61.029198,-0.09850535,4.714573,-9.879308,26.560846,-193.18553,-129.27979,-30.92931,-185.80034,38.289494,-70.978455,-213.02052,41.122616,-240.9176,-459.62817
27.832111,-158.52614,-60.381912,0.26191193,6.345696,-11.082161,29.328886,-203.15195,-136.10555,-34.718758,-191.52116,36.79679,-73.866425,-221.5826,39.75962,-248.13602,-476.31967
27.931025,-157.97755,-60.972363,2.0897832,5.9025993,-11.821953,29.722843,-204.14868,-136.22495,-34.628735,-192.53639,36.753376,-72.41405,-222.48047,40.323242,-248.60577,-476.91867
25.904829,-152.34697,-60.783432,2.0232816,4.112308,-10.682458,27.78607,-196.58234,-130.24873,-31.314396,-186.84398,36.291622,-67.254776,-215.17924,40.890816,-240.80594,-460.591
25.648916,-149.6898,-60.743618,0.14553112,3.7523775,-9.823569,26.92418,-191.7927,-128.09053,-30.014221,-184.1135,36.59768,-65.174576,-210.20238,40.89971,-237.80295,-453.6478
26.623835,-151.85681,-61.445427,-0.7008998,5.3188167,-10.784796,28.294277,-193.6846,-130.82825,-31.227352,-187.47697,37.788258,-66.424194,-211.96468,41.846992,-242.25706,-460.61832
29.891998,-156.62738,-60.719425,-0.47616678,6.961613,-11.661628,30.180897,-202.507,-137.94008,-35.90363,-193.15329,39.359344,-71.02677,-219.5153,41.13206,-251.29805,-479.25864
28.460691,-157.08748,-60.971302,2.0853393,6.2143593,-11.170745,28.91723,-202.1218,-138.19101,-36.199883,-193.97382,38.377434,-71.566864,-219.02197,40.79533,-253.2697,-481.92554
24.042547,-152.57205,-60.944233,2.2260902,3.381118,-9.865834,26.06046,-194.10246,-132.6998,-33.23621,-188.0219,36.59271,-68.441795,-211.17589,40.79833,-246.81085,-468.33313
20.795824,-150.53458,-61.044178,1.0791532,2.187047,-9.859896,26.055788,-187.4676,-126.701675,-30.28364,-182.63219,35.703598,-66.41521,-205.52477,42.68978,-239.30093,-451.62582
20.405516,-152.98334,-61.196228,-0.70215243,3.2581744,-11.556974,28.572842,-189.3878,-127.20336,-31.053782,-183.01393,36.011257,-68.41832,-207.5748,42.376312,-239.58057,-451.67105
22.047424,-158.83218,-61.22183,-0.8263425,6.2092547,-12.29887,31.32747,-198.28061,-132.62694,-34.793655,-188.2312,38.89436,-73.32863,-215.93597,40.370853,-245.67653,-465.10483
23.14885,-160.82028,-61.067314,1.132149,7.478613,-11.217229,30.83933,-201.98431,-135.38902,-35.30518,-192.05101,39.373928,-75.233955,-219.34416,39.2846,-248.82451,-473.83286
23.558891,-159.47127,-60.590126,2.7444022,7.2162714,-9.868608,28.845428,-200.24966,-134.26244,-33.758537,-191.66972,38.739983,-74.44762,-217.63731,39.44778,-246.87262,-471.7617
26.185894,-164.09923,-64.149635,2.1340463,4.9196606,-10.994057,27.826397,-204.26678,-136.57428,-31.408764,-198.00215,38.939137,-74.75155,-223.35997,43.13646,-254.32552,-486.1966
33.303543,-166.49117,-63.31166,-1.3864229,4.447895,-11.760011,29.498928,-214.66495,-143.42468,-35.073658,-200.16739,40.678825,-76.91718,-231.72762,42.51114,-258.27463,-502.31036
35.96568,-152.35448,-55.044968,-3.307593,5.248532,-9.981813,29.50455,-203.38307,-136.39102,-36.19698,-183.05261,38.826694,-72.37146,-216.51494,35.783085,-236.8154,-467.39917
25.306864,-143.74995,-58.635868,2.0090847,5.641659,-10.021419,26.624289,-176.48564,-119.9992,-26.531277,-177.018,34.82644,-62.997475,-194.95844,40.409874,-226.62523,-426.9106
18.387495,-143.38293,-63.93428,5.93931,4.889917,-11.697861,24.531563,-167.97958,-114.781494,-21.444487,-179.18573,32.541462,-58.888317,-190.24454,45.55367,-228.95459,-420.61307
23.618969,-148.12305,-60.31453,2.6233904,4.960366,-11.229247,26.000278,-193.01271,-130.29738,-31.007355,-182.23372,35.372395,-65.35921,-210.4941,40.75639,-239.50113,-460.13217
23.460478,-151.39394,-59.73036,0.5026815,3.9805043,-10.50937,27.702774,-201.1418,-135.1117,-34.490314,-184.37773,37.1997,-67.57625,-218.38504,41.381588,-245.17528,-472.11145
19.28471,-151.84805,-60.70304,-0.6268009,4.115445,-10.2358465,29.118404,-195.36232,-131.79245,-33.083977,-185.08603,36.56783,-66.633736,-214.9464,43.479794,-245.98038,-463.4068
20.14324,-155.85757,-60.529995,-1.1569821,6.2969522,-10.21484,30.040741,-200.11543,-134.94453,-35.246826,-189.00967,37.46978,-70.63452,-218.98889,40.28542,-250.04482,-472.18372
19.363913,-156.75197,-61.92294,1.3197767,6.324222,-11.433096,28.215788,-195.37302,-131.05623,-32.93841,-189.4552,38.224865,-70.689186,-215.16357,39.94003,-247.65538,-464.76437
21.170614,-155.20854,-60.902306,2.209339,5.2083826,-11.456568,27.150295,-191.1925,-128.26588,-31.061218,-186.94083,37.624935,-70.089615,-210.37779,38.57207,-242.34955,-455.8579
21.86156,-154.1095,-60.804863,3.2424412,4.089952,-11.676026,26.009708,-186.39116,-125.26788,-28.672348,-185.45087,36.432613,-69.28781,-205.71053,37.731,-238.32068,-447.79016
22.50201,-157.76237,-61.19193,1.8295999,5.1874247,-11.544025,27.641624,-189.94797,-128.65256,-29.601099,-189.3411,36.30879,-72.41234,-208.8362,38.216137,-242.0384,-455.5359
21.522366,-160.0312,-61.022427,1.6119182,6.416226,-11.3217,28.441376,-195.43585,-131.56708,-32.52935,-192.12762,37.72548,-73.95365,-213.89291,38.76115,-246.0798,-464.18356
17.836672,-157.32144,-60.64782,3.0519764,5.597038,-11.416551,26.492094,-192.13637,-128.00287,-31.882597,-189.34508,38.08199,-71.173164,-210.88078,38.70759,-242.38788,-456.57678
16.593096,-163.93367,-64.39452,2.563139,4.5917735,-12.16795,27.820295,-201.54353,-133.94789,-32.298557,-197.3103,39.42737,-72.40769,-221.88687,40.808453,-255.26683,-479.70245
20.83457,-166.43433,-62.26845,-0.44117147,5.286731,-11.4104185,30.74304,-216.39804,-143.5063,-38.408516,-198.69676,40.572884,-76.17161,-233.90852,36.521236,-261.93515,-501.4921
24.867422,-160.51994,-56.74873,-2.2942908,7.332866,-10.1141815,33.0701,-219.86879,-146.17706,-43.62373,-190.44502,39.35668,-77.120605,-233.34335,30.108994,-255.14226,-496.40292
15.848243,-156.42007,-63.983616,2.6263824,6.783213,-12.149264,29.403866,-194.16286,-131.21132,-31.820526,-189.90326,34.300255,-69.84127,-213.9702,39.173374,-249.85777,-462.5347
16.307133,-162.17323,-67.018814,5.020423,6.0195203,-12.516485,28.526167,-196.86702,-133.48041,-29.639719,-197.87268,35.30638,-70.93332,-219.09656,43.853462,-259.94852,-475.33743
26.702816,-166.84149,-60.670963,2.0013626,5.1760664,-10.890984,28.990559,-219.17639,-147.19177,-37.338867,-200.53261,40.291008,-77.2261,-236.87651,38.973053,-268.70264,-508.39386
28.4198,-167.20755,-60.166042,-0.08998893,4.6908813,-11.626545,28.782736,-217.3837,-144.64412,-36.387756,-198.12416,41.929745,-77.07856,-235.14778,38.989475,-264.33237,-502.32144
21.476463,-147.11862,-57.94506,0.77267635,4.4832625,-11.631003,24.830797,-179.31229,-119.45912,-26.919073,-174.30807,36.126305,-65.41468,-198.05458,37.044548,-228.68047,-424.91968
28.374422,-153.11578,-54.08394,-1.2714883,8.030165,-9.637126,29.40463,-198.33545,-131.47209,-36.630062,-178.01328,39.849674,-73.89684,-212.64174,27.773024,-234.75482,-450.4788
31.81926,-167.34433,-56.272446,-0.85973513,10.199794,-9.060573,33.123943,-222.78246,-148.24623,-44.94626,-196.68102,42.422318,-83.88206,-236.12543,24.982798,-257.93094,-500.4021
19.63002,-151.22318,-55.38266,2.007846,6.645442,-10.070181,26.799772,-188.14781,-126.0972,-33.52466,-182.18556,34.447777,-71.52154,-204.90958,28.498964,-234.21413,-440.49664
14.050862,-152.24158,-59.78927,3.1643746,3.3682718,-12.055509,23.90369,-179.54524,-120.51153,-27.535683,-186.56218,32.284283,-67.81289,-200.31181,34.461258,-236.61732,-435.25314
13.891261,-154.86388,-63.181892,3.093501,2.3791,-12.884853,24.405085,-181.71342,-121.789276,-25.594433,-190.90422,33.045315,-66.43782,-204.14043,37.148514,-241.97,-444.72104
22.271442,-160.08252,-61.43969,0.66244,4.38067,-11.615181,28.90288,-203.0932,-135.5737,-34.154587,-195.77606,37.353626,-72.37035,-221.66034,32.019497,-251.13115,-477.44293
27.825138,-167.51906,-64.80574,0.32733297,7.336815,-11.251472,33.87685,-219.03844,-146.77727,-39.352154,-204.79424,41.42974,-77.71958,-236.52701,33.05763,-263.42523,-506.58328
26.816114,-160.27982,-64.10872,1.2994192,8.11464,-11.015811,32.476936,-206.29631,-139.78978,-36.545967,-195.79793,40.390827,-74.46708,-223.66986,35.63994,-252.79568,-481.19836
25.984425,-169.445,-69.924416,2.9989736,7.932799,-12.455355,32.73846,-212.37766,-144.90848,-35.00512,-207.05234,41.6177,-77.02773,-232.56929,43.936172,-267.9648,-503.59372
24.746971,-164.74246,-65.182076,2.6455827,5.947319,-12.131691,29.687305,-210.18163,-143.24222,-33.988487,-200.27814,39.22028,-75.13022,-228.78871,42.14195,-262.01306,-496.99692
24.506325,-155.20485,-55.55133,0.90401304,4.0473695,-10.6542845,26.219929,-207.50473,-140.35272,-35.047295,-186.2218,37.499302,-72.4429,-222.00641,34.51467,-247.58965,-481.5461
15.762789,-146.6474,-57.833767,2.6856747,2.3568335,-11.631248,21.977444,-181.4466,-122.44036,-25.202538,-177.04463,31.629822,-63.787086,-200.12349,38.80192,-233.19157,-439.51566
13.528482,-144.82695,-59.181255,2.923258,3.1967628,-11.994271,21.669296,-174.25134,-117.27543,-23.387268,-174.47246,29.598537,-62.237534,-194.09389,39.85845,-229.0402,-427.55093
20.89666,-163.4674,-63.4764,1.6686033,7.095083,-12.253196,27.714869,-205.67111,-137.2563,-33.75603,-194.02058,33.991566,-74.77183,-224.51073,39.27002,-256.86838,-489.50952
24.72725,-159.63803,-61.03925,2.0375361,7.710895,-10.632159,31.117376,-203.71376,-134.33328,-37.11822,-187.96913,36.036877,-74.35539,-220.5904,35.660378,-246.60474,-475.1028
22.822548,-158.52611,-63.263752,2.7374537,5.8481946,-10.638236,31.524397,-194.66954,-127.07786,-33.74541,-187.05751,38.134216,-70.8135,-213.96158,37.57835,-241.2855,-459.4468
16.821703,-149.85042,-64.588326,3.2033043,3.275226,-12.000749,27.380033,-173.1579,-113.37021,-24.544508,-181.44371,35.666107,-64.20125,-195.3381,39.98498,-229.77557,-425.10333
23.04865,-162.23302,-64.106735,0.15971078,4.894916,-12.313226,28.53673,-201.71895,-132.36954,-32.04807,-199.0639,38.98868,-75.58386,-221.73906,37.60567,-255.50125,-483.6789
26.36105,-163.97536,-59.464806,-0.89829934,6.720167,-11.332239,27.85051,-213.60344,-142.17711,-37.364456,-200.81145,38.81744,-79.59042,-230.7472,34.532825,-261.44812,-502.64056
26.673906,-168.14418,-58.9419,1.2828109,7.1619186,-11.020435,29.343752,-218.97134,-147.62271,-40.458263,-200.98541,40.56596,-79.66114,-236.59673,35.453236,-264.06485,-508.98846
22.854467,-169.66011,-63.408237,3.2001624,6.0821185,-12.216176,30.26757,-209.5872,-144.16203,-36.255585,-200.07758,39.90261,-76.23981,-231.09729,41.84373,-262.63882,-495.0
23.041033,-173.43079,-66.522644,2.21506,6.168275,-12.561209,31.671867,-214.02328,-147.90115,-36.69689,-203.95573,41.929363,-78.45096,-235.86784,42.50329,-268.2683,-504.3959
22.513481,-171.63356,-66.59688,0.5002041,6.002146,-11.6674185,30.570356,-211.54306,-146.14871,-35.231808,-202.03833,41.261078,-77.57519,-233.26068,40.149307,-266.13553,-500.08755
23.563925,-166.633,-63.887646,0.6795802,6.02505,-11.126701,28.786674,-207.9031,-141.88393,-35.02416,-197.99796,39.597633,-75.7758,-227.93967,36.09373,-259.86417,-490.72568
24.597408,-155.57494,-58.386063,1.6095926,5.778258,-11.082019,27.257988,-196.95428,-131.91508,-34.46469,-186.59003,36.58686,-72.102875,-214.3006,31.893948,-243.61035,-462.09268
20.582817,-144.44032,-57.258923,3.3486676,4.840032,-11.925412,24.944561,-177.87692,-117.894066,-28.532675,-176.02722,33.072636,-66.13184,-195.16371,31.857931,-226.90775,-424.09256
16.127434,-158.03952,-69.359184,5.4516053,4.0052977,-13.929213,25.887184,-182.47096,-119.79901,-23.184069,-194.91705,35.252594,-68.0985,-205.12718,42.09041,-247.59906,-450.23145
20.577974,-161.12965,-63.53802,1.0308542,5.137633,-10.731996,28.86033,-201.05716,-131.95036,-31.761415,-194.83739,39.301525,-72.99042,-218.92244,37.202065,-251.22714,-474.29083
26.833405,-173.95016,-60.491905,-1.8122274,7.7620087,-9.973145,33.236103,-231.93044,-152.87671,-43.508476,-206.95323,45.496124,-83.14741,-245.78314,34.197502,-270.22827,-526.9712
21.924616,-171.32089,-63.571167,2.0921662,7.213621,-13.237978,30.283024,-216.97113,-146.32663,-38.430416,-206.05467,41.26392,-79.45026,-235.04364,40.164494,-267.52316,-509.9955
21.5168,-170.16394,-63.370205,2.6865735,6.2738667,-13.094037,29.492231,-215.17604,-146.94133,-38.57717,-204.15413,40.018158,-78.85403,-234.05109,39.644356,-266.5182,-509.12933
21.06239,-165.24495,-63.38845,1.916651,4.9711046,-11.031735,29.586393,-206.7506,-141.94565,-35.76571,-197.29933,39.585526,-75.06205,-226.92325,38.854534,-258.63162,-493.43002
21.908733,-165.586,-64.36829,0.26603538,5.8108516,-10.806129,31.121883,-206.63676,-142.03606,-35.633797,-196.40904,41.005585,-75.39461,-227.62688,38.560272,-258.7996,-493.98032
24.48076,-169.12291,-65.36466,0.3948071,7.441789,-12.333233,31.498499,-210.95735,-144.37897,-36.71666,-200.26822,41.419292,-78.10496,-232.36427,38.78525,-264.46832,-504.83978
27.115608,-170.95068,-64.16123,2.1243842,7.6327577,-13.067716,30.543488,-214.3345,-144.68568,-37.50688,-202.85837,41.07755,-79.66369,-235.35945,38.593372,-267.25278,-510.70514
26.62161,-168.8068,-62.39306,3.1232226,5.818567,-12.077164,28.591711,-210.67583,-139.77786,-35.442017,-201.34312,39.361675,-77.631035,-231.63777,39.195873,-263.72528,-502.2284
24.562162,-164.58633,-61.268543,2.163666,4.4363766,-10.616362,28.505758,-205.60938,-135.0503,-34.15778,-197.23813,37.47698,-74.55622,-225.70657,39.77801,-256.76773,-487.42874
19.490646,-144.55058,-55.08868,0.2965802,4.4464393,-10.049211,26.36018,-181.39624,-118.94235,-30.725027,-174.12776,33.63655,-65.82757,-198.21097,34.36431,-225.30965,-426.66116
11.961114,-148.4908,-64.10725,1.7852807,4.171022,-12.756427,26.236206,-173.17986,-113.86056,-24.317764,-182.67116,31.935045,-63.47685,-194.59732,41.90289,-231.76607,-423.2003
9.291249,-142.48819,-62.754204,2.015093,3.7018209,-12.419582,25.094316,-164.4128,-107.82786,-22.224842,-176.15465,29.868862,-60.146675,-185.36476,41.06966,-222.29506,-403.32928
16.036636,-143.16862,-54.484947,-0.47006148,4.409703,-9.606234,26.658924,-182.51779,-119.24803,-31.397474,-173.61334,32.02212,-65.981636,-197.5713,32.721474,-223.3955,-423.82803
12.255996,-149.76126,-60.7935,3.951434,3.5207458,-11.4809065,24.36327,-177.25682,-117.16994,-25.3838,-182.74481,31.428036,-65.04679,-198.47658,40.58515,-234.4969,-431.3883
14.180651,-142.8067,-57.08386,3.3824313,3.4125755,-10.955008,24.013075,-169.23628,-112.00846,-24.616693,-171.96301,31.427822,-61.582333,-190.30844,38.48951,-223.38208,-412.47913
21.729193,-151.77112,-58.451412,0.35768205,4.761793,-11.025049,28.79336,-186.9408,-122.51688,-31.059654,-180.64165,35.975533,-67.52362,-206.75034,36.97495,-235.93047,-444.32404
20.94172,-149.36661,-61.34839,0.005432382,4.7897296,-11.773166,27.985647,-179.1667,-117.54802,-28.590464,-178.97296,33.77819,-65.71559,-199.82408,37.93914,-232.0278,-432.41727
24.186874,-156.14009,-61.960464,-1.2734457,5.5033803,-11.367179,28.675795,-194.02261,-127.65314,-33.155853,-187.30849,34.243946,-71.84599,-212.83818,35.81899,-243.39664,-460.97836
19.33287,-152.31451,-61.84448,2.185445,3.7673414,-10.700109,24.972069,-185.20724,-121.52528,-29.000916,-184.6886,33.508846,-68.26385,-204.99516,36.788807,-237.75978,-446.99847
15.883428,-149.67963,-58.25977,3.1977105,3.3847299,-10.133795,25.235336,-183.32304,-119.54729,-29.179932,-181.0038,35.33186,-65.70266,-202.46548,36.916157,-232.04611,-436.55075
14.300253,-150.91858,-56.842655,2.1831949,4.174212,-10.794184,27.292072,-186.597,-121.831245,-30.314034,-182.03537,35.462914,-66.03593,-205.12143,38.277126,-232.92947,-438.31436
14.996081,-161.87917,-60.85113,-1.407139,5.8814,-12.890476,30.028952,-200.14006,-132.64523,-31.400099,-195.45729,33.966236,-72.38615,-219.98119,41.85217,-250.28688,-470.052
20.269543,-158.5321,-57.050972,-4.1303263,5.7843914,-10.036037,29.574097,-208.30838,-137.99068,-36.85589,-189.23294,34.679886,-74.59588,-223.93584,32.456978,-244.78322,-473.33566
17.445654,-151.4565,-59.859158,-0.10259165,3.9985423,-9.391468,26.698744,-190.3602,-125.80658,-31.765505,-182.48405,32.743813,-67.88568,-208.90988,33.57851,-233.81633,-443.26254
12.057907,-144.271,-64.130745,5.010803,2.5316265,-10.747708,23.81316,-165.30557,-109.53595,-23.047945,-177.15297,29.643993,-59.67922,-188.7446,39.01422,-223.10379,-405.32993
20.45826,-152.71872,-60.865063,2.9919782,4.467409,-10.7676525,28.312988,-187.04941,-123.70209,-31.792974,-185.51497,33.627842,-68.11504,-207.58261,34.946,-236.36539,-441.28458
21.80367,-156.61063,-60.53529,1.2657067,5.5292034,-12.781809,28.404919,-192.04752,-127.003334,-31.49239,-190.52109,34.013947,-71.432976,-211.61922,36.017452,-244.83177,-456.45773
19.029467,-154.81665,-60.507275,0.48019677,4.2296515,-12.2266035,25.721231,-187.62408,-123.233215,-27.8037,-188.3816,35.585716,-69.889824,-206.95361,38.021984,-243.56,-451.99896
15.890427,-151.45856,-59.595875,1.3093407,3.4963346,-9.680448,26.071724,-183.7636,-119.45443,-26.95343,-182.9812,35.944057,-66.26457,-202.91069,41.08726,-237.88605,-440.2605
14.596328,-151.48811,-60.009895,1.6179113,4.0435944,-9.070246,27.97401,-185.64989,-120.18259,-28.212545,-182.08577,34.682068,-65.85615,-204.13197,41.89268,-237.99481,-440.80118
15.303473,-155.16312,-61.48527,1.2905447,5.6667824,-10.5706835,29.19222,-193.81413,-125.6831,-31.871593,-186.259,33.4496,-68.791504,-211.11365,40.14009,-244.5062,-455.10748
15.964367,-154.86029,-61.005108,0.9683026,6.044509,-12.508245,28.549288,-196.23192,-127.09157,-33.60439,-186.04477,31.850925,-69.75644,-212.40372,36.47348,-244.65198,-457.75174
17.743454,-160.9824,-63.290413,1.3456082,5.1477957,-13.510313,28.093248,-204.5153,-131.74023,-34.68641,-193.84879,33.131134,-72.1511,-221.3169,35.51154,-254.1211,-476.6425
22.82132,-153.7212,-55.61272,-1.0563723,4.174143,-10.075782,27.93496,-206.02245,-131.84752,-38.173508,-182.99513,34.914024,-72.04012,-218.46852,26.26806,-240.96815,-465.45547
22.4196,-154.03865,-59.46085,-0.42852753,3.7261958,-9.381969,27.950113,-197.62505,-127.03006,-32.697346,-184.80107,35.01294,-70.223976,-213.07408,28.600597,-239.66974,-455.55908
18.37645,-161.97037,-68.4389,2.6757998,4.5234184,-12.374886,29.033026,-189.85019,-123.923836,-25.045837,-197.71948,35.244305,-70.059654,-212.20169,38.05431,-250.63196,-458.97754
24.825949,-170.39424,-62.563076,0.6093005,6.709733,-12.457214,33.01448,-214.80727,-139.88846,-36.878166,-205.08371,40.350983,-78.873,-233.39471,30.722448,-261.66467,-497.9236
23.388287,-169.45235,-59.63634,-0.3804689,5.853549,-11.619616,32.000534,-214.45929,-139.882,-39.652664,-203.42001,39.27199,-78.15599,-233.31917,30.77732,-259.11887,-496.8959
18.349169,-155.74878,-57.76894,-0.59541994,4.1998262,-10.043281,27.681131,-188.53075,-124.30163,-34.212612,-188.08926,33.924587,-69.88928,-209.2538,34.203693,-237.76828,-448.32022
15.709529,-150.38135,-59.53316,0.14030847,3.8824415,-10.340073,25.973448,-174.10023,-116.50029,-29.654905,-182.88393,30.136148,-66.286835,-196.98625,39.401417,-229.58505,-424.8895
14.112652,-147.00758,-62.25799,2.1313565,3.9124765,-11.800624,24.685316,-164.7223,-112.10888,-24.529812,-181.03886,27.15755,-63.569057,-189.76352,43.82112,-227.66127,-413.4356
17.857603,-151.90231,-61.929058,3.412874,4.5693245,-12.223813,26.106518,-179.28008,-121.15143,-27.649847,-186.79254,30.58882,-67.42631,-202.21103,41.941654,-237.68965,-438.8867
18.981792,-149.483,-57.94743,2.9804592,3.932534,-10.8283,26.272858,-185.34114,-123.707275,-28.756552,-183.06339,35.039684,-67.06597,-205.24203,36.165016,-235.89795,-443.4091
19.917725,-150.05147,-57.25437,0.9997826,4.0177307,-10.249107,27.910389,-191.37083,-126.2515,-29.539557,-182.98874,36.793583,-68.04538,-209.32881,33.76056,-238.30246,-451.33536
19.30629,-151.90479,-60.25225,-1.1824429,5.201544,-11.485821,28.812193,-194.00195,-126.66299,-29.237202,-185.64288,34.253246,-69.33056,-211.39201,34.32753,-242.7917,-457.73773
18.179169,-154.30664,-61.892166,-1.1676561,5.4287796,-11.726099,28.514917,-196.01982,-125.67444,-31.54372,-186.52618,33.494152,-69.39432,-212.80397,34.974945,-243.93266,-459.82727
16.47194,-152.96677,-61.58243,1.164034,4.257848,-10.894501,26.527906,-191.37854,-119.91813,-31.500818,-183.01935,33.47419,-66.513725,-208.15233,36.703686,-238.5159,-448.4435
16.39933,-153.4144,-60.28915,2.2090847,3.4761858,-10.580952,26.278896,-187.39925,-117.5659,-30.00071,-182.58342,32.325344,-66.19376,-205.27704,39.99078,-237.25623,-444.0264
18.43787,-156.03407,-58.71191,1.8324351,4.3269243,-11.205428,27.90755,-189.5696,-119.900734,-30.683954,-186.02217,31.758543,-68.95355,-207.82513,40.85652,-241.40286,-451.55222
20.813484,-155.64551,-58.28874,0.26133618,5.3098116,-11.567334,28.325773,-188.9752,-122.15521,-30.650269,-186.98993,31.760885,-70.48424,-208.29825,39.0411,-241.7535,-453.09875
20.477175,-152.50484,-59.331963,0.757845,4.918784,-11.225159,26.779778,-185.8378,-123.45372,-29.8458,-184.99277,33.042583,-69.319,-206.22334,36.141212,-237.73717,-447.02194
19.231958,-152.70798,-62.231335,1.7816335,4.274336,-11.10176,26.334291,-186.70186,-126.75065,-30.055256,-186.7173,35.752956,-68.54499,-208.21468,34.455032,-238.38962,-448.73294
17.788006,-154.49496,-63.234623,1.2416642,3.9828534,-11.013187,27.775639,-190.11131,-129.82584,-30.891497,-188.32104,36.382877,-68.746605,-211.33406,33.708893,-241.53094,-454.3556
16.559633,-152.1829,-61.321636,0.34312767,4.3706493,-11.086091,28.34779,-187.20842,-127.92787,-29.547215,-184.39525,33.759037,-66.99249,-208.12437,34.941696,-238.02237,-447.00894
18.259512,-162.40479,-62.728466,1.1662866,5.5837684,-12.364215,29.47034,-200.06505,-134.5744,-31.667889,-195.98184,34.521065,-71.749054,-220.84966,38.06222,-253.69608,-475.7278
22.598179,-168.83636,-60.920425,0.70616734,6.374852,-11.980195,30.074854,-214.39038,-140.24606,-37.03086,-201.95006,36.573784,-77.667404,-232.00208,37.525352,-263.07095,-499.24564
25.76732,-161.84096,-57.749474,-1.4926698,4.8368964,-9.144219,31.003736,-209.46771,-133.63243,-39.201424,-191.80399,37.31852,-76.22538,-225.10728,35.97586,-250.83691,-479.51495
20.012552,-154.24922,-63.23682,0.88593334,3.6261716,-10.9773655,27.34276,-188.45966,-119.40761,-29.94405,-188.13174,34.762463,-69.04529,-208.41817,40.522648,-241.70772,-449.84882
17.739922,-157.9216,-67.34895,2.5442853,4.665965,-13.17395,26.83625,-189.68784,-121.007545,-27.495432,-194.87566,35.926273,-68.86615,-212.07599,41.701603,-248.58418,-461.43555
23.073322,-165.36047,-62.457874,-0.3299743,6.776446,-12.100897,31.045797,-214.12636,-137.87073,-36.585518,-201.62651,38.548714,-77.04304,-232.37495,35.38098,-260.9465,-502.43866
22.996603,-159.58833,-56.615726,-1.1926938,7.481716,-11.254392,31.317795,-212.70366,-138.42761,-37.787132,-194.25851,35.60403,-76.37498,-228.317,29.633522,-252.96516,-494.79504
17.075956,-161.47545,-64.27387,2.4247844,6.0423617,-13.209111,29.294037,-199.99255,-131.27675,-29.805464,-198.82535,32.961227,-71.70525,-221.1602,36.54192,-255.45168,-485.6434
18.243519,-163.15443,-65.58163,1.271709,5.3762703,-12.604376,29.460438,-202.06836,-130.36964,-32.288883,-198.34721,35.460842,-72.552124,-223.3505,35.708546,-254.46355,-482.7051
24.582254,-173.2792,-65.354904,-2.116269,7.024998,-11.895764,32.50172,-226.83939,-144.43437,-41.334286,-209.49823,42.242935,-82.05163,-245.25867,32.19363,-270.99634,-522.7885
21.041592,-156.75533,-61.029083,-0.38685423,6.4056754,-11.605567,28.649033,-200.36081,-126.76534,-33.85358,-191.43169,37.599194,-72.72269,-218.95544,33.098454,-246.31656,-466.73798
18.387112,-150.27745,-59.980083,1.470835,5.9519033,-12.372926,26.70293,-187.76436,-119.88826,-27.832855,-186.67174,32.44988,-68.24231,-206.84906,35.874596,-240.1394,-448.1151
17.815191,-160.80681,-65.335266,2.8353288,5.9063015,-14.009273,28.78649,-199.77002,-129.16235,-27.789917,-202.08739,32.326748,-72.29771,-220.13713,40.690647,-260.248,-482.1004
22.730785,-169.80122,-63.092648,0.25514865,6.516622,-12.377971,32.865643,-224.30806,-145.08444,-38.186924,-208.42992,36.851135,-79.26893,-240.24033,35.974663,-272.73013,-521.0278
22.111897,-161.03435,-58.926945,-1.3121781,6.2778416,-10.438357,31.298887,-213.83907,-138.00879,-39.572998,-193.40465,37.53945,-74.92384,-227.96507,31.204144,-254.67204,-491.5253
15.698914,-153.90001,-63.012016,1.3465512,5.5857134,-12.094516,27.186012,-186.6893,-121.2888,-29.71328,-186.19258,34.202057,-66.42206,-205.81982,36.47364,-241.05067,-449.29922
16.622053,-160.84366,-66.23689,1.5228847,6.3892365,-13.664573,27.665348,-193.3494,-125.97424,-28.985802,-196.51318,34.988735,-70.306175,-214.2641,38.347595,-252.86923,-470.26654
23.469936,-166.04948,-61.160217,-0.5759654,6.894538,-12.411715,30.821142,-215.80788,-139.49095,-37.00295,-201.25002,37.991985,-78.22881,-232.63765,32.451313,-261.29724,-504.9057
23.13816,-166.81699,-62.3613,0.75731105,6.0064454,-11.773279,31.857946,-217.49834,-138.97226,-36.904858,-203.43752,39.729965,-77.962456,-236.72757,34.950867,-261.67252,-506.84265
19.44698,-154.6575,-60.695034,1.4267102,5.6285543,-11.132579,29.684782,-195.19148,-124.615616,-30.83557,-191.57248,35.09438,-70.71774,-216.94281,36.265995,-242.95076,-462.93323
21.654135,-167.10347,-65.43017,-0.32418764,7.24982,-12.9409895,31.241295,-208.3301,-133.81743,-32.519325,-207.80518,34.74036,-77.18734,-233.30135,39.269394,-264.53476,-499.50644
23.651829,-166.88922,-62.35627,-1.8555346,7.4498405,-12.921059,30.15095,-215.59904,-138.0181,-36.86434,-205.98856,36.33741,-79.61148,-238.83714,34.018017,-265.12488,-508.3909
24.72518,-157.68599,-55.064213,-2.6830277,6.4709883,-10.647805,29.285128,-215.7872,-136.90163,-41.4958,-191.10533,38.6509,-78.02215,-234.67448,26.08648,-249.93164,-492.8416
14.777802,-147.87283,-62.304173,2.8289244,4.358483,-12.154988,25.160585,-180.19289,-115.26442,-26.21797,-182.78514,31.547024,-65.31607,-203.15604,36.6674,-235.03639,-439.14948
14.923958,-156.44809,-66.975365,3.164056,5.3291583,-12.878719,27.797516,-187.00212,-120.64181,-25.901709,-193.42038,31.43851,-67.92138,-209.75504,42.125988,-249.03923,-460.53934
22.629604,-165.29042,-61.856102,-0.5277532,7.562723,-12.047848,32.42977,-213.82643,-138.12207,-36.899475,-200.55795,37.256996,-76.612686,-229.6644,35.77068,-261.96094,-502.57272
22.856474,-157.48604,-57.074017,-0.8040756,6.9254766,-11.775819,30.359068,-206.98756,-133.51251,-36.99623,-190.68968,38.35939,-73.72087,-220.5779,30.377014,-247.53561,-480.50183
17.323833,-153.21619,-62.48464,1.7875853,5.0521226,-13.130677,26.251156,-186.93254,-121.656746,-27.375223,-189.12741,34.21518,-67.91679,-204.81296,35.67969,-239.97606,-451.74893
18.269995,-162.76703,-67.49546,1.7625356,5.0828757,-13.004074,28.156086,-197.90562,-128.55786,-28.225534,-202.27856,33.62223,-72.5602,-218.4304,38.955776,-256.5683,-481.0697
22.78692,-164.6359,-61.295944,-0.15234631,6.887848,-11.194311,32.29316,-215.53384,-137.98083,-37.741325,-201.49556,36.498726,-77.43123,-233.47365,34.51443,-259.35422,-502.1958
23.92314,-170.31902,-62.487972,-0.90457743,8.279941,-12.797011,33.05589,-227.44505,-145.11726,-41.297718,-208.02829,39.37735,-81.364334,-246.31062,34.20961,-269.10614,-524.8152
18.162348,-155.75084,-61.20763,0.40566832,6.927486,-13.405076,28.186882,-199.25685,-127.56518,-32.61163,-191.41382,35.518627,-71.596596,-220.5389,35.457973,-246.47192,-470.97696
16.571156,-150.30711,-60.66867,1.0239522,5.001702,-12.287778,26.741152,-186.22984,-119.494446,-27.865644,-184.44308,33.543175,-66.81223,-209.81721,36.108852,-237.39035,-447.85324
17.90073,-157.44461,-65.213646,1.8469253,4.686219,-12.169406,28.110521,-191.24336,-123.672165,-27.148228,-193.14539,33.189808,-69.496735,-215.3746,38.78691,-248.74527,-465.34433
24.668442,-168.25966,-64.31709,-0.03197165,7.187148,-12.049016,31.682367,-218.13904,-141.82115,-37.319088,-203.30101,36.62576,-79.71451,-235.35422,34.593353,-265.51074,-511.34647
24.629414,-171.49034,-64.19926,0.20387806,8.019441,-12.88188,31.7634,-224.81381,-146.35121,-39.742805,-206.48827,39.18598,-81.77115,-238.35179,33.121098,-270.2852,-523.90717
18.613005,-154.31746,-59.390114,0.79912627,5.693751,-11.590399,28.865051,-194.55884,-126.173294,-32.392483,-186.86134,36.089214,-69.735565,-209.90506,34.541187,-242.16795,-461.44186
18.01591,-164.3928,-65.08572,-0.12653062,5.7576213,-12.578994,30.732998,-201.6922,-131.16406,-32.171818,-200.9348,36.928585,-72.5221,-220.254,39.924923,-258.39954,-485.5981
21.656572,-166.82764,-63.114136,-2.1755233,7.09447,-12.474251,30.876797,-214.2626,-139.30597,-36.75472,-204.64722,37.201927,-77.64458,-230.06781,35.275482,-264.0093,-504.46652
25.106777,-172.22298,-62.778202,-1.9488142,7.7699423,-12.354269,31.440985,-230.00597,-148.5025,-40.841877,-211.59099,39.53689,-82.62513,-244.50398,32.717255,-273.60184,-531.1414
18.544846,-161.77164,-64.182884,3.0840375,5.581432,-12.200928,29.144928,-203.887,-130.47159,-31.049765,-201.69804,36.2789,-72.23681,-223.41943,38.384323,-257.09955,-485.43347
19.168814,-150.66705,-58.16399,2.0288017,5.7590914,-11.087944,30.00148,-192.7923,-123.01173,-31.51852,-186.45146,35.560177,-68.287,-211.19853,34.1227,-239.18526,-453.76306
24.63571,-154.92776,-55.07053,-3.02253,7.717262,-10.8822365,32.374928,-210.92477,-135.06317,-40.57372,-188.74104,37.383617,-75.76856,-226.12479,27.523033,-246.49533,-480.2532
24.708815,-160.32355,-57.345257,-3.9799223,7.4617686,-11.095938,31.55999,-218.90903,-140.18678,-42.44627,-193.79597,38.242756,-78.94252,-235.08958,27.825445,-254.77835,-497.97787
18.446568,-153.71965,-60.383404,0.4588982,5.141309,-11.248098,26.626879,-195.20863,-124.90332,-32.06577,-186.51904,35.779667,-70.18867,-216.09538,34.34895,-242.56416,-461.0895
19.116514,-161.7853,-63.357876,1.8106537,5.8380013,-12.087473,27.779387,-201.53566,-129.38687,-31.793314,-195.30821,36.16906,-72.99957,-224.73189,38.51149,-253.80904,-479.77487
23.040775,-168.51645,-62.580395,0.065320626,7.636317,-12.604807,31.05503,-214.94868,-138.98442,-36.50527,-201.61911,37.64725,-78.82951,-236.08589,36.27619,-263.6628,-504.20062
22.063679,-168.95253,-64.12623,-0.19747512,7.1220737,-13.137247,31.593979,-213.13466,-138.20296,-34.831337,-203.10904,36.71084,-78.21579,-234.30927,35.739223,-263.96497,-503.47034
20.613668,-165.57265,-63.487213,-0.03588535,6.2196527,-12.560218,31.012493,-207.9703,-134.42018,-33.71671,-199.72664,36.853237,-75.32605,-228.52806,34.266647,-257.92947,-492.54776
19.784222,-164.27518,-63.68392,0.23620363,6.242769,-12.111071,30.22743,-208.7859,-135.17,-34.527718,-202.09068,37.756683,-75.38972,-228.35167,34.14569,-259.35812,-495.9318
21.394928,-166.05208,-63.59714,-0.123431236,7.072887,-12.327988,30.88204,-215.55566,-140.24101,-37.197933,-206.50784,38.21766,-78.20704,-233.72092,34.030758,-265.74973,-510.30588
21.560886,-164.11224,-63.07536,0.508877,6.8232813,-12.557118,30.579952,-214.84042,-139.72066,-37.00279,-205.41283,37.964275,-77.390205,-232.28358,34.847855,-264.84454,-509.3147
18.369947,-141.64503,-55.981556,0.6314245,4.7721844,-10.884822,26.46157,-180.3163,-116.87691,-28.860067,-175.14893,31.5299,-64.00665,-196.396,33.332497,-226.06276,-431.73184
16.887943,-157.03058,-67.824135,2.9302304,4.926543,-13.685998,27.983572,-184.7728,-119.705795,-24.0735,-194.01842,31.780785,-65.62293,-206.94012,43.781796,-248.00124,-459.21838
