dueling:True
double:True
lr:0.020000
df:0.950000
ep:0.100000
ep_end:0.010000
ep_dec:0.001000
RM_size:10000
MB_size:32
CP:20
hidden_1:30
hidden_2:30
