dueling:False
double:False
lr:0.020000
df:0.950000
ep:1.000000
ep_end:0.100000
ep_dec:0.002250
RM_size:10000
MB_size:16
CP:50
hidden_1:10
hidden_2:10
