-1.5314159,-116.6354,-5.6834116,-137.04614,-57.66834,3.5164049,-49.749344,-1.5832629,1.0705171,-4.4001083,-6.520975,-63.460316,-2.1796951,-90.26423,-8.211636
-2.0766609,-101.956345,-4.478427,-119.75794,-50.714527,1.7094545,-43.32238,-1.879061,0.53407544,-3.2953818,-4.5129647,-55.61401,-2.0176954,-79.07665,-6.56304
-1.4352158,-94.61456,-5.0927286,-111.76316,-35.38766,3.2165728,-45.3378,1.3019998,-1.5707499,-9.091766,-4.1559086,-34.290874,-3.740604,-77.598175,-4.7069187
-4.2199693,-138.86026,-15.863868,-162.03508,-73.4837,-4.2239604,-52.460365,-3.9593854,0.45066607,-2.0208077,-5.0097737,-88.03468,-1.6095793,-99.87136,-11.463004
-3.8085403,-129.84555,-25.91151,-149.54224,-74.537315,-6.603345,-43.15865,-4.351666,0.37687021,-0.96134746,-6.4248776,-94.908005,-0.75668555,-86.13317,-14.137941
-1.1674086,-46.334965,-6.2305155,-52.91942,-27.22805,-2.6077373,-17.793459,-1.538159,-0.06064126,-1.4057543,-2.7137146,-30.976604,-1.072014,-33.896095,-4.140478
-0.88073206,-45.97213,-4.40784,-52.871284,-26.014364,-2.5244591,-18.936743,-1.2183632,-0.09976664,-1.9721447,-2.796101,-29.152042,-1.2160847,-34.688034,-3.452605
-0.7596429,-43.861942,-2.8418782,-50.794243,-23.606438,-2.1737823,-19.400492,-1.0188671,-0.28950328,-2.4960208,-2.7603521,-25.950663,-1.2070215,-34.18188,-2.816103
-0.94464844,-39.761673,-2.8424497,-46.10742,-20.65556,-1.6014795,-18.289223,-1.165957,-0.28424156,-2.617156,-2.646699,-22.397284,-0.92784715,-31.49709,-2.8905663
-0.7985685,-35.900326,-2.519921,-41.62168,-15.908745,-1.1430286,-19.053284,-0.87312174,-0.5617263,-3.8176599,-3.5584917,-14.802132,-0.8617358,-30.618074,-3.268978
-1.2700796,-27.324852,-1.5038922,-31.509764,-14.848038,-0.2584353,-12.734213,-1.5397131,-0.2679846,-1.4185685,-1.6753612,-15.07193,-0.7850541,-22.121157,-2.2591968
-1.1878368,-21.118567,-1.4513296,-24.20002,-12.242367,-0.062215388,-9.837775,-1.5070454,-0.27368852,-1.0677067,-1.2813617,-12.440365,-0.800789,-17.064308,-1.864808
-1.2704844,-23.068459,-1.7673194,-26.505724,-13.17221,0.18809271,-10.504022,-1.5967698,-0.24968138,-0.9825423,-1.3800743,-13.563341,-0.89036745,-18.315496,-2.1541612
-1.327015,-25.857239,-2.1162758,-29.815514,-14.468788,0.4587837,-11.472452,-1.6588352,-0.17059839,-0.93750405,-1.4671297,-15.134946,-1.0480491,-20.137663,-2.482093
-1.3396959,-29.530865,-2.4983444,-34.182384,-16.158722,0.7267499,-12.756564,-1.6790557,-0.029163718,-0.9441539,-1.5433304,-17.180317,-1.2852455,-22.573956,-2.8418264
-1.1187838,-26.761374,-2.3478632,-30.891695,-14.883177,0.590584,-11.513707,-1.4345183,-0.06545791,-1.0153166,-1.3488777,-15.726522,-1.4039727,-20.432411,-2.5044682
-1.0393254,-31.966248,-2.790206,-37.07016,-17.234661,0.7422393,-13.392307,-1.3029846,-0.03917268,-1.1867912,-1.470264,-18.46844,-1.6559827,-24.021622,-2.8735628
-0.86852086,-31.193409,-2.7660787,-36.149883,-16.999557,0.6092675,-12.988905,-1.1162615,-0.13218424,-1.2589322,-1.4367986,-18.204031,-1.6715844,-23.379463,-2.7056687
-0.7640109,-32.182274,-2.8272314,-37.29455,-17.548595,0.448731,-13.335207,-0.97007185,-0.25594062,-1.4481647,-1.5546075,-18.762604,-1.6478004,-24.047356,-2.6258144
-0.8541616,-33.56701,-2.8227496,-38.862953,-18.308577,0.19783771,-13.814028,-1.0120327,-0.46908858,-1.6831077,-1.8601365,-19.468428,-1.4449539,-25.075386,-2.5623631
-0.9982653,-35.626526,-2.769145,-41.227306,-19.44026,-0.106137276,-14.641569,-1.1246963,-0.5995856,-1.885217,-2.193833,-20.460238,-1.1494908,-26.756052,-2.48381
-1.0569298,-35.79975,-2.4884539,-41.39049,-19.607895,-0.54289454,-14.733033,-1.2141603,-0.6036787,-1.9560201,-2.3266976,-20.405779,-0.83121336,-27.061094,-2.2122703
-1.1644663,-38.825916,-2.329833,-44.928585,-21.100302,-0.91284186,-15.911206,-1.3359641,-0.56601286,-2.0831354,-2.57245,-21.839155,-0.5464549,-29.408073,-2.120847
-1.3727164,-41.6647,-2.8380089,-48.502766,-22.221483,-1.3003988,-17.201708,-1.590945,-0.48906058,-2.324436,-2.8401458,-24.184319,-0.27682963,-31.094898,-2.1198835
0.21940115,-39.789513,-0.28954518,-46.149323,-18.058746,-3.3318367,-17.189693,0.83119696,-0.8533499,-5.340426,-1.5919076,-17.341778,-1.8437486,-31.264683,-0.09328574
-1.6150489,-43.790623,-1.8212371,-50.805267,-23.094477,-1.3706042,-18.380068,-1.7637869,-0.31111944,-2.2456448,-3.0838122,-23.842491,-0.2139135,-33.642376,-1.9287481
-0.4118325,-15.845571,-0.5250418,-17.790707,-9.250624,-1.2731212,-7.632683,-0.52230084,-0.56835306,-2.1348054,-1.0953058,-8.355022,-1.0642588,-13.348243,-0.37672418
-1.090723,-30.087158,-0.8849688,-34.567783,-16.520191,-0.777959,-13.393045,-1.3015394,-0.21021974,-1.7258968,-2.078475,-16.19785,-0.71668386,-24.051037,-1.3971713
-0.89049405,-24.453068,-0.7694892,-27.962187,-13.825987,-0.58270425,-11.338659,-1.1401227,-0.21787632,-1.5688205,-1.6735864,-13.427365,-0.8605635,-19.915333,-1.2102208
-1.1276627,-37.471985,-0.91842914,-43.284588,-19.74149,-0.23661214,-16.860014,-1.3017473,0.08107251,-1.7787044,-2.208664,-19.713402,-1.0852507,-29.904589,-1.9916226
-0.7404173,-23.581015,-0.78451073,-26.966541,-13.312677,-0.25288478,-11.236143,-0.97976214,-0.21987462,-1.5160657,-1.3971262,-12.977946,-1.1179605,-19.423912,-1.3517587
-0.6433343,-21.550524,-0.87719405,-24.618063,-12.300787,-0.21410075,-10.453148,-0.87179166,-0.3304471,-1.5002849,-1.1560221,-12.106264,-1.1759889,-17.89893,-1.3325706
-0.74624324,-27.33899,-1.2840307,-31.560266,-14.8916,-0.017205298,-12.988348,-0.8942499,-0.3969971,-1.6218597,-1.2364285,-15.262076,-1.2797939,-22.34197,-1.9023541
-1.1047206,-45.647747,-2.3895073,-53.41302,-23.147713,0.5600955,-20.90148,-1.0343074,-0.49517152,-1.9606181,-1.6465552,-25.003075,-1.5543761,-36.384304,-3.590448
-0.7479575,-23.110006,-1.5682536,-26.672874,-13.059674,0.005645156,-11.300771,-0.9018503,-0.63993484,-1.4742934,-1.0465105,-13.560509,-1.1333402,-19.182161,-1.9499787
-0.6107069,-35.003155,-1.4531012,-40.883106,-16.15692,-0.47566563,-16.785788,0.02892965,-1.077889,-3.481464,-1.0694981,-16.505032,-2.2270603,-28.978218,-2.1583872
-0.6719277,-34.049637,-1.4962425,-39.8281,-15.188737,-0.56716084,-16.600136,0.09129864,-1.1087925,-3.7995515,-1.1557444,-15.346743,-2.2565033,-28.432022,-2.0425894
-1.1909071,-36.35856,-3.0873547,-42.532288,-19.501287,0.55156904,-16.987326,-1.2995226,-0.6711332,-1.5397992,-1.764039,-21.19848,-0.9998724,-29.608133,-3.6262314
-0.97531736,-27.300291,-2.5660124,-31.763027,-15.368717,0.18845928,-13.0212755,-1.2338037,-0.5554668,-1.4362867,-1.6122394,-16.471956,-0.8850517,-22.562897,-2.681937
-0.8976352,-28.002481,-2.732262,-32.628616,-15.759885,0.10578835,-13.172355,-1.2878196,-0.44897768,-1.3728176,-1.8666959,-16.934078,-0.7396289,-23.110374,-2.6554708
-0.69821376,-22.708942,-2.2668939,-26.30365,-13.328122,-0.15319401,-10.805254,-1.1567776,-0.35926545,-1.2968321,-1.7058485,-13.992718,-0.70896375,-19.01304,-2.004226
-0.713967,-28.670925,-2.8989182,-33.523254,-16.153618,-0.21737176,-13.1707535,-1.2603525,-0.18783784,-1.412304,-2.152349,-17.545261,-0.6305391,-23.510956,-2.36253
-0.6463822,-26.393822,-2.646136,-30.825352,-15.127594,-0.42619568,-12.178322,-1.1672225,-0.15075588,-1.4601197,-2.033297,-16.394897,-0.68115115,-21.691002,-1.9531153
-0.63970447,-24.31194,-2.2027738,-28.23798,-14.261408,-0.4809317,-11.248799,-0.9916818,-0.20534122,-1.4960672,-1.851083,-14.943721,-0.8244567,-20.204,-1.6199874
-0.7697567,-29.775196,-2.3023958,-34.67885,-17.029324,-0.5218967,-13.402496,-0.89758134,-0.1821782,-1.7164438,-2.0431209,-17.705843,-1.0355351,-24.550255,-1.7995629
-0.81747925,-28.72995,-1.939922,-33.361965,-16.599531,-0.5705224,-12.972746,-0.7778642,-0.2746209,-1.8051287,-1.8495455,-16.941114,-1.2098007,-23.79164,-1.5671927
-0.9418324,-31.626354,-1.907992,-36.838333,-17.978828,-0.6222918,-14.18073,-0.7074298,-0.29964566,-2.0404081,-1.8267691,-18.547598,-1.402083,-25.961927,-1.5554969
-0.86082673,-25.022226,-1.4125831,-28.994678,-14.696945,-0.579168,-11.5382,-0.70260507,-0.37697,-1.9062043,-1.4043179,-14.983664,-1.3550835,-20.756735,-1.1342294
-0.86785924,-24.088097,-1.1981297,-27.872126,-14.210268,-0.4978512,-11.143737,-0.6935972,-0.39980626,-1.9224699,-1.259486,-14.360744,-1.3790026,-20.019157,-1.0444311
-0.84609973,-23.906746,-1.0148802,-27.655119,-14.057751,-0.43947932,-11.111619,-0.7467822,-0.3811081,-1.9067786,-1.1677222,-14.133345,-1.3531865,-19.852266,-1.0540736
-0.77325666,-22.663729,-0.86875224,-26.168465,-13.3505745,-0.38352668,-10.669804,-0.7829808,-0.4086647,-1.885076,-1.077333,-13.318159,-1.3176839,-18.87462,-1.0543814
-0.6882747,-20.791273,-0.7948645,-23.93637,-12.326559,-0.3383113,-9.986448,-0.8185846,-0.4591527,-1.8442172,-1.0089073,-12.229693,-1.2677418,-17.406057,-1.0580201
-0.643297,-20.655207,-0.77019376,-23.779312,-12.135297,-0.30867404,-10.002723,-0.84966373,-0.49575052,-1.8724099,-0.988906,-12.072995,-1.2597322,-17.273256,-1.1305177
-0.61678696,-21.44141,-0.754619,-24.713097,-12.397644,-0.27016044,-10.385731,-0.87763125,-0.5203926,-1.9311256,-0.9933966,-12.378386,-1.2768252,-17.864075,-1.2420182
-0.6143426,-23.59304,-0.7510196,-27.263657,-13.32454,-0.2154423,-11.319634,-0.89803255,-0.542997,-2.0351567,-1.0237764,-13.373766,-1.3162664,-19.514383,-1.4270666
-0.6345762,-27.310352,-0.7806858,-31.668318,-14.977587,-0.14818406,-12.907468,-0.9208592,-0.5582468,-2.2053998,-1.0964546,-15.139503,-1.3815174,-22.371979,-1.714158
-0.6573763,-25.641302,-0.6775565,-29.572403,-14.312177,-0.16368905,-12.179948,-0.88495046,-0.517285,-2.0762286,-1.0879366,-14.040244,-1.351047,-21.217892,-1.6135991
-0.80782664,-33.32811,-0.7405585,-38.610897,-17.914347,-0.09749919,-15.3938,-0.8635324,-0.4537295,-2.3683262,-1.2918841,-17.612188,-1.540645,-27.251163,-2.0946171
-0.8691488,-32.501793,-0.8248473,-37.635662,-17.586878,-0.13569972,-15.053476,-0.8387434,-0.41573653,-2.3173575,-1.2867218,-17.325043,-1.51822,-26.574724,-1.9976349
-0.9287182,-31.942898,-0.9058255,-36.99644,-17.391315,-0.1635099,-14.806322,-0.82581085,-0.3598434,-2.2699668,-1.2742602,-17.21659,-1.4821583,-26.088707,-1.9009315
-0.9548814,-31.57403,-1.0381174,-36.60074,-17.331734,-0.1820699,-14.604925,-0.815482,-0.3054027,-2.183175,-1.296956,-17.262218,-1.4586996,-25.731806,-1.802099
-0.97227764,-31.314505,-1.1324613,-36.320873,-17.328163,-0.16853315,-14.437023,-0.80223835,-0.24482933,-2.1040807,-1.3204589,-17.308422,-1.4466071,-25.489328,-1.7133733
-0.9229083,-28.382736,-1.0927794,-32.84943,-16.059904,-0.16823569,-13.152476,-0.78958535,-0.2360537,-1.9354081,-1.2628224,-15.927699,-1.3844874,-23.233644,-1.4784635
-0.8433962,-25.118889,-0.97455144,-28.969574,-14.620295,-0.20575288,-11.76518,-0.7826907,-0.26793194,-1.7949039,-1.1846793,-14.353357,-1.3341794,-20.725948,-1.2545278
-0.94111645,-30.874685,-1.2114078,-35.90196,-17.384125,-0.19866234,-14.180082,-0.78161055,-0.23929498,-2.0391383,-1.3526423,-17.65271,-1.4851425,-25.03548,-1.4714414
-0.8830519,-28.833887,-1.1688067,-33.522842,-16.427124,-0.19109625,-13.34027,-0.7888093,-0.28959218,-1.9960432,-1.2919453,-16.793568,-1.454117,-23.419209,-1.3200512
-0.77766407,-25.012314,-0.8763788,-28.885777,-14.714369,-0.14279276,-11.663444,-0.7679868,-0.34679013,-1.8148264,-1.1907215,-14.552596,-1.3977041,-20.645357,-1.1225328
-0.82396144,-30.351467,-0.82453257,-35.168335,-17.406906,-0.032238394,-13.77042,-0.7306658,-0.3327886,-1.9833481,-1.3550918,-17.140182,-1.5802677,-24.894108,-1.3468691
-0.7893202,-29.932388,-0.74697673,-34.67033,-17.208208,0.0013461113,-13.565123,-0.730133,-0.37220672,-1.9936224,-1.3367022,-16.903107,-1.5880141,-24.601671,-1.3166046
-0.7843371,-30.396252,-0.62780094,-35.206738,-17.392952,0.014390886,-13.71575,-0.76328367,-0.31313512,-2.062133,-1.3141754,-17.020231,-1.6412334,-25.019508,-1.3377576
-0.7398858,-27.660898,-0.49476084,-31.939705,-16.017181,-0.012521297,-12.576263,-0.7978475,-0.2879584,-2.002871,-1.2053189,-15.499511,-1.573607,-22.95133,-1.2299464
-0.7190318,-26.098536,-0.44510442,-30.074673,-15.215223,-0.061757863,-11.931057,-0.8275422,-0.28978968,-1.9851542,-1.1393361,-14.648341,-1.5263584,-21.76962,-1.1924256
-0.81898737,-32.31699,-0.5991241,-37.5311,-18.067629,-0.07935792,-14.50957,-0.8805528,-0.2341126,-2.3488793,-1.2702987,-17.997398,-1.6932707,-26.51881,-1.5150058
-0.7133684,-24.276476,-0.5308758,-27.972795,-14.165116,-0.15275678,-11.239628,-0.88207173,-0.29948014,-2.017862,-1.0533779,-13.848477,-1.4243088,-20.279842,-1.1764956
-0.797804,-30.350754,-0.48564985,-35.107105,-17.08147,-0.10857254,-13.651196,-0.8935754,-0.24175191,-2.2767644,-1.197727,-16.660614,-1.5678022,-25.140308,-1.5325085
-0.8126112,-30.467148,-0.54029834,-35.26316,-17.057272,-0.13600424,-13.719038,-0.9054871,-0.25478053,-2.3092337,-1.1898777,-16.72675,-1.5185857,-25.212616,-1.5801799
-0.81899196,-30.211956,-0.5846227,-34.9792,-16.85754,-0.15529546,-13.642691,-0.9079721,-0.28372532,-2.323265,-1.1798946,-16.599472,-1.4646616,-24.999243,-1.5968881
-0.82889795,-30.233547,-0.6358353,-35.023148,-16.799454,-0.15738356,-13.68019,-0.904889,-0.31422365,-2.340128,-1.1813806,-16.614433,-1.4251441,-24.99905,-1.6236598
-0.8403442,-30.446192,-0.6877332,-35.290627,-16.844627,-0.13659525,-13.79487,-0.89589924,-0.33234048,-2.3554997,-1.1922832,-16.720127,-1.4001349,-25.149757,-1.6562797
-0.84819245,-30.56172,-0.7215527,-35.443604,-16.84636,-0.11657745,-13.875833,-0.87829727,-0.35304433,-2.3562956,-1.2031813,-16.773888,-1.3860664,-25.220484,-1.6682068
-0.85389197,-30.63483,-0.75767624,-35.546104,-16.84161,-0.08323032,-13.938371,-0.85721785,-0.3751504,-2.3469796,-1.2165295,-16.814562,-1.38163,-25.254684,-1.672251
-0.8535606,-30.478945,-0.7856271,-35.37924,-16.740362,-0.05302845,-13.902042,-0.83309054,-0.3972392,-2.3183856,-1.2260375,-16.740784,-1.3685306,-25.105122,-1.6555116
-0.85410964,-30.55019,-0.7929498,-35.480293,-16.766966,-0.030147076,-13.954335,-0.80936104,-0.4202301,-2.2903557,-1.2420835,-16.769169,-1.3512064,-25.135242,-1.6393766
-0.8568542,-30.869308,-0.8019452,-35.861534,-16.922997,-0.02884829,-14.102979,-0.786156,-0.44922036,-2.2696953,-1.2654617,-16.921398,-1.3522556,-25.362211,-1.6351979
-0.82832444,-28.56303,-0.84655446,-33.17024,-15.83193,-0.09008558,-13.214397,-0.7919962,-0.43143564,-2.159101,-1.2180573,-15.966986,-1.3205458,-23.472324,-1.487824
-0.70330673,-21.394234,-0.62217784,-24.563917,-12.603142,-0.10534832,-10.196292,-0.77619946,-0.41743362,-1.7748823,-1.044866,-12.178468,-1.2035778,-18.005611,-1.1083049
-1.0155001,-40.40066,-1.1062765,-47.30144,-21.388952,-0.06926733,-18.172726,-0.7703173,-0.22098795,-2.5973554,-1.5776701,-22.10161,-1.6749952,-32.549767,-2.0564697
-0.7499056,-23.502804,-0.8696581,-27.209736,-13.504919,-0.19087616,-11.175198,-0.79986346,-0.30381942,-1.8991508,-1.110806,-13.686989,-1.2883556,-19.411129,-1.1721653
-0.84836584,-31.512144,-0.78022337,-36.574856,-17.471294,-0.1527274,-14.364662,-0.74741703,-0.14545807,-2.0987961,-1.3668652,-17.28503,-1.5537026,-25.837307,-1.5952967
-0.8407502,-31.316992,-0.7843785,-36.335857,-17.425442,-0.23433903,-14.268666,-0.7495932,-0.10685119,-2.0757308,-1.366583,-17.207268,-1.573016,-25.68052,-1.5777749
-0.83460796,-31.19448,-0.78978986,-36.17334,-17.408546,-0.2934418,-14.202443,-0.75328356,-0.094634,-2.0629253,-1.3648782,-17.16442,-1.5913076,-25.582458,-1.5665412
-0.8313537,-31.219376,-0.7983159,-36.189102,-17.454908,-0.3746489,-14.197646,-0.7583146,-0.09840003,-2.0633473,-1.3640058,-17.195766,-1.6099242,-25.600063,-1.5653094
-0.7922344,-28.749886,-0.76451385,-33.247047,-16.303452,-0.41134304,-13.1650095,-0.7681082,-0.120624155,-1.9783186,-1.2856851,-15.964249,-1.547759,-23.687012,-1.4415696
-0.73620284,-24.997482,-0.7157543,-28.792404,-14.523108,-0.41824615,-11.613211,-0.7799225,-0.16558951,-1.8517219,-1.1685777,-14.096304,-1.4399335,-20.772541,-1.2542168
-0.7808032,-27.15134,-0.90175664,-31.444208,-15.4600525,-0.522056,-12.562047,-0.80876577,-0.1216276,-2.0092926,-1.2109731,-15.484723,-1.4877341,-22.299614,-1.3520018
-0.697942,-20.884815,-0.9049908,-24.078896,-12.395635,-0.5036635,-10.037857,-0.83514106,-0.21560466,-1.8225812,-1.0184226,-12.533365,-1.2856953,-17.336622,-1.0270379
-0.701747,-21.128546,-0.91166246,-24.368172,-12.5120125,-0.51571906,-10.132354,-0.8392004,-0.22043493,-1.8470554,-1.0178833,-12.660031,-1.290374,-17.52966,-1.0440034
-0.70423603,-21.26135,-0.9140737,-24.526516,-12.571974,-0.5162533,-10.181786,-0.8425175,-0.22655076,-1.867156,-1.0142243,-12.72545,-1.2893758,-17.638538,-1.05585
-0.7082114,-21.519459,-0.911882,-24.83213,-12.6915455,-0.49020943,-10.274723,-0.84444153,-0.24418655,-1.8906777,-1.01504,-12.845104,-1.2776108,-17.848558,-1.0724497
-0.70510566,-21.251263,-0.90362597,-24.516932,-12.553677,-0.46491826,-10.156488,-0.8460082,-0.2869044,-1.8926129,-1.0020019,-12.703381,-1.250707,-17.646385,-1.0616639
-0.7046884,-21.13695,-0.89920497,-24.38633,-12.485888,-0.4382221,-10.1045,-0.846977,-0.33947617,-1.8997939,-0.993968,-12.641114,-1.2299047,-17.561878,-1.0585732
-0.7043617,-21.012089,-0.8946996,-24.244093,-12.41121,-0.40926453,-10.050945,-0.84709275,-0.39882517,-1.9043472,-0.98680973,-12.5729265,-1.2114983,-17.46846,-1.0547276
-0.7003232,-20.64764,-0.88733125,-23.817156,-12.223866,-0.37801772,-9.9003105,-0.84724194,-0.47427276,-1.8976445,-0.9737736,-12.38592,-1.1885772,-17.187588,-1.0380414
-0.69938636,-20.49495,-0.88542867,-23.64187,-12.138512,-0.3447461,-9.837435,-0.8476902,-0.5426749,-1.8992875,-0.96683645,-12.309897,-1.1734773,-17.06922,-1.0318441
-0.6927529,-20.036146,-0.86309963,-23.102688,-11.90852,-0.3308161,-9.656763,-0.84707224,-0.55439043,-1.8852018,-0.9521511,-12.072745,-1.1590275,-16.716476,-1.0043342
-0.73186094,-22.664726,-0.8931285,-26.227985,-13.152255,-0.3402499,-10.737527,-0.8355247,-0.50917155,-2.0012984,-1.0201812,-13.395586,-1.2321092,-18.763527,-1.136604
-0.79004323,-26.651339,-0.9219805,-30.95858,-15.042007,-0.36245596,-12.368502,-0.82000434,-0.44722995,-2.1711974,-1.1247308,-15.379232,-1.3441542,-21.879131,-1.3393881
-0.8665143,-31.89247,-0.95484143,-37.17814,-17.527992,-0.40831628,-14.512771,-0.80219966,-0.35078073,-2.3935146,-1.2627043,-17.99236,-1.4925231,-25.972034,-1.5993757
-0.9148783,-37.073982,-0.70127004,-43.13069,-20.186523,-0.41369742,-16.48505,-0.7368007,-0.23331675,-2.494976,-1.4202502,-20.006474,-1.6790586,-30.304573,-1.8841667
-0.7357274,-42.120182,-0.33524716,-49.301067,-19.349184,-0.9776906,-19.343313,0.010430694,-0.26569593,-3.679779,-2.3399394,-17.37726,-1.1291955,-35.29392,-1.517739
-1.1273797,-52.93881,-0.6348322,-61.794773,-27.865572,-0.6302204,-22.870745,-0.6094528,0.049192607,-3.0777068,-1.855968,-27.54642,-2.163236,-42.877533,-2.693275
-0.74913013,-25.720888,-0.6159765,-29.661835,-14.777769,-0.45501396,-11.870281,-0.73329103,-0.29761827,-2.0103552,-1.1256897,-14.411076,-1.3887594,-21.400051,-1.287116
-0.7943487,-28.0799,-0.7622632,-32.529934,-15.829821,-0.53522456,-12.890432,-0.75080067,-0.25140667,-2.15168,-1.1820724,-15.809355,-1.4426436,-23.123772,-1.3913302
-0.73837554,-23.50943,-0.8527969,-27.181961,-13.592232,-0.51763,-11.073741,-0.8062361,-0.32907525,-2.0012136,-1.0548995,-13.750793,-1.2963086,-19.443428,-1.1574445
-0.7079306,-21.524097,-0.8350978,-24.811848,-12.671753,-0.47430474,-10.246481,-0.8277432,-0.3656221,-1.9077884,-1.0047235,-12.723083,-1.2386268,-17.91111,-1.0662222
-0.713554,-21.84202,-0.8682,-25.190174,-12.830212,-0.45170587,-10.371839,-0.849001,-0.36632723,-1.9214606,-1.0135479,-12.89567,-1.2409601,-18.149748,-1.0891743
-0.6805419,-19.630089,-0.8501605,-22.563095,-11.785812,-0.39367047,-9.461184,-0.862351,-0.40700328,-1.825008,-0.95541954,-11.781128,-1.1768626,-16.428684,-0.9824233
-0.7210804,-22.178417,-0.9356878,-25.602522,-12.991991,-0.37351894,-10.507481,-0.8857238,-0.40478864,-1.9420041,-1.0215163,-13.116245,-1.2364938,-18.38241,-1.1180629
-0.70507336,-20.897846,-0.95911,-24.10563,-12.363979,-0.34572017,-9.997387,-0.89779043,-0.4548205,-1.9002328,-0.9852426,-12.540045,-1.1946766,-17.352022,-1.0539678
-0.70136565,-20.66256,-0.96117127,-23.824966,-12.258493,-0.3208082,-9.896601,-0.9020252,-0.5049083,-1.8889729,-0.97918785,-12.41924,-1.1860931,-17.170847,-1.0470254
-0.73518336,-22.912268,-1.0097452,-26.495838,-13.336758,-0.30697018,-10.811394,-0.91536915,-0.54295856,-1.9852734,-1.0387101,-13.558883,-1.2427863,-18.917887,-1.1694326
-0.800099,-27.324091,-1.0838325,-31.723959,-15.457272,-0.31426385,-12.600742,-0.9312459,-0.57958466,-2.1685634,-1.1563857,-15.763593,-1.3580246,-22.351088,-1.4070879
-0.7586839,-25.544153,-0.8921944,-29.50703,-14.71594,-0.2622528,-11.79427,-0.89590424,-0.6069166,-2.0307586,-1.1197624,-14.557015,-1.3315165,-21.119785,-1.3319337
-0.83543557,-31.367634,-0.8904912,-36.346115,-17.568428,-0.27414477,-14.10981,-0.8930832,-0.6063298,-2.2357821,-1.2811606,-17.282251,-1.4971652,-25.745857,-1.6529459
-0.82881606,-30.955717,-0.87127215,-35.86033,-17.361237,-0.29936475,-13.943444,-0.87920785,-0.6118841,-2.2197978,-1.2692406,-17.07573,-1.4886581,-25.423437,-1.6300087
-0.8247233,-30.71733,-0.8537078,-35.582634,-17.235386,-0.32973105,-13.848839,-0.8683038,-0.6045259,-2.211512,-1.2616913,-16.957918,-1.4850905,-25.236328,-1.6144595
-0.8293691,-31.101337,-0.8384372,-36.038124,-17.412653,-0.35657358,-14.004978,-0.8557049,-0.5864657,-2.226845,-1.2713056,-17.138666,-1.4994171,-25.541895,-1.6317111
-0.8209201,-30.595585,-0.8069179,-35.436604,-17.166958,-0.39613712,-13.799307,-0.83989054,-0.5725385,-2.2041593,-1.2576828,-16.869553,-1.4907793,-25.158424,-1.6016157
-0.8235233,-30.534916,-0.7918037,-35.368324,-17.12939,-0.44562858,-13.779661,-0.8265705,-0.5534562,-2.2036803,-1.2554615,-16.840815,-1.4929006,-25.101559,-1.593956
-0.8333751,-31.005974,-0.7837604,-35.929234,-17.34644,-0.4959084,-13.977058,-0.81619686,-0.5296351,-2.2258902,-1.26825,-17.072979,-1.5107388,-25.452517,-1.6138833
-0.8484503,-31.879986,-0.779041,-36.956234,-17.75941,-0.55017805,-14.336691,-0.8058832,-0.51312304,-2.263447,-1.2919824,-17.499908,-1.5394075,-26.123653,-1.6550552
-0.85231996,-32.057663,-0.7660025,-37.15772,-17.841213,-0.5980782,-14.4120655,-0.79570323,-0.4938582,-2.2710638,-1.2971426,-17.577244,-1.5483379,-26.257961,-1.6595737
-0.8381256,-31.104063,-0.7562878,-36.032646,-17.37582,-0.5788205,-14.0266075,-0.81435454,-0.44420162,-2.2337823,-1.2697449,-17.111408,-1.5347629,-25.508455,-1.6060852
-0.79677796,-28.370426,-0.7237648,-32.796047,-16.064997,-0.5393616,-12.915981,-0.8259882,-0.42180982,-2.1206803,-1.1958313,-15.75325,-1.4678609,-23.381163,-1.4607416
-0.7461872,-25.016336,-0.6847179,-28.82335,-14.461355,-0.49395636,-11.553466,-0.83016455,-0.41719437,-1.9813844,-1.1062689,-14.08577,-1.3788314,-20.774471,-1.2842952
-0.7978853,-27.64917,-0.86565626,-32.04393,-15.617585,-0.55657524,-12.702107,-0.8716084,-0.35930997,-2.1511917,-1.1653972,-15.692922,-1.4385121,-22.683374,-1.4052298
-0.71598774,-21.647165,-0.8675878,-24.986496,-12.696585,-0.48771796,-10.3046665,-0.87401754,-0.39593554,-1.9334967,-1.0010451,-12.866289,-1.2568228,-17.936531,-1.0839645
-0.718783,-21.906975,-0.87043786,-25.294601,-12.823561,-0.46195534,-10.411349,-0.87649596,-0.36840987,-1.944222,-1.0081791,-12.9976425,-1.2620585,-18.14709,-1.0975691
-0.72210383,-22.21568,-0.874987,-25.662588,-12.973597,-0.42026258,-10.537065,-0.87689465,-0.35557735,-1.956567,-1.0164961,-13.152748,-1.2670572,-18.39594,-1.1135933
-0.71113384,-21.535608,-0.8701782,-24.860386,-12.649065,-0.37984583,-10.260841,-0.87277645,-0.3671158,-1.9281223,-0.9983771,-12.818251,-1.2428212,-17.871216,-1.0777599
-0.6928285,-20.465263,-0.82923543,-23.60279,-12.118259,-0.35571966,-9.827564,-0.84750044,-0.43451148,-1.8990841,-0.9531233,-12.279112,-1.194669,-17.03095,-0.98665386
-0.6788001,-19.671003,-0.7990378,-22.66868,-11.720954,-0.3143267,-9.511635,-0.8241684,-0.49396697,-1.8821977,-0.9224374,-11.873411,-1.1557163,-16.409208,-0.91724354
-0.6768998,-19.668615,-0.7839798,-22.667555,-11.708023,-0.28819957,-9.52446,-0.803347,-0.53625065,-1.9002649,-0.91844094,-11.86482,-1.1285466,-16.410015,-0.89457405
-0.71048236,-22.103258,-0.79691446,-25.55573,-12.854252,-0.28006032,-10.53418,-0.78333145,-0.56171227,-2.0269194,-0.97592396,-13.076811,-1.1633004,-18.297365,-0.99021304
-0.7723319,-26.565441,-0.8199994,-30.842054,-14.970966,-0.24864256,-12.369915,-0.7581414,-0.58787996,-2.2423038,-1.0851789,-15.279484,-1.2459145,-21.762959,-1.182249
-0.7364163,-24.989109,-0.6585716,-28.863747,-14.327783,-0.2053375,-11.655598,-0.7257172,-0.6319747,-2.1157522,-1.0601104,-14.1922455,-1.2155776,-20.668089,-1.1230873
-0.82506704,-31.93391,-0.6148104,-37.02889,-17.69345,-0.1676234,-14.4548435,-0.6830094,-0.6597558,-2.4008503,-1.2409267,-17.434103,-1.370151,-26.145933,-1.4476695
-0.82105505,-31.45093,-0.6391407,-36.466957,-17.458332,-0.2092101,-14.262263,-0.68796444,-0.69472677,-2.3649719,-1.2347391,-17.218634,-1.3593377,-25.736063,-1.4371166
-0.81465185,-30.830826,-0.66767687,-35.742134,-17.150902,-0.22800583,-14.011942,-0.6977437,-0.71882766,-2.3227804,-1.2304935,-16.920982,-1.352504,-25.231363,-1.4266092
-0.8198228,-30.854664,-0.71842766,-35.768723,-17.17937,-0.26479894,-14.043858,-0.71234095,-0.6941217,-2.3224916,-1.269272,-16.953194,-1.3876703,-25.246777,-1.4731303
-0.8301867,-31.25033,-0.76964855,-36.233047,-17.390966,-0.2877243,-14.218956,-0.73085093,-0.6387978,-2.3316884,-1.3146441,-17.164387,-1.4369675,-25.561531,-1.5416558
-0.8404645,-31.65038,-0.81907415,-36.701805,-17.607443,-0.3496413,-14.386905,-0.7537529,-0.5719397,-2.3351526,-1.3545468,-17.378046,-1.4892818,-25.886967,-1.611881
-0.85338104,-32.278217,-0.8645421,-37.43829,-17.933546,-0.41096398,-14.646301,-0.774169,-0.5175961,-2.34829,-1.399339,-17.696018,-1.5450765,-26.392384,-1.6906694
-0.85638964,-32.29771,-0.89378744,-37.45062,-17.970709,-0.46025357,-14.651415,-0.79121035,-0.4688835,-2.3338232,-1.4234188,-17.702473,-1.5795698,-26.426771,-1.7331083
-0.8496934,-31.722778,-0.90588534,-36.759705,-17.718582,-0.5058557,-14.411666,-0.8035911,-0.4362354,-2.2959158,-1.4240174,-17.399082,-1.5891557,-25.996056,-1.7343361
-0.8458346,-31.344608,-0.9216164,-36.30947,-17.54927,-0.5568408,-14.257328,-0.8128102,-0.4151826,-2.2732716,-1.4241989,-17.211395,-1.5946738,-25.698874,-1.735367
-0.85322046,-31.531239,-0.9390956,-36.529316,-17.646866,-0.6135906,-14.335454,-0.8182415,-0.40044367,-2.277986,-1.4370222,-17.30424,-1.6093051,-25.840418,-1.7589643
-0.8671584,-32.251053,-0.9552377,-37.39512,-18.0035,-0.6863244,-14.636705,-0.8191751,-0.39288265,-2.3083215,-1.4616793,-17.66302,-1.6321809,-26.408041,-1.8037255
-0.82927614,-29.776802,-0.89008355,-34.461597,-16.832653,-0.6830223,-13.612702,-0.8093256,-0.44220605,-2.1951752,-1.3813205,-16.397835,-1.5538964,-24.50381,-1.6626211
-0.7683364,-25.832167,-0.8025029,-29.785933,-14.945595,-0.6556407,-11.985052,-0.7975725,-0.50963044,-2.021902,-1.251551,-14.415117,-1.4277663,-21.444609,-1.4342054
-0.8112844,-27.56554,-0.98967916,-31.973581,-15.661402,-0.74188346,-12.784463,-0.82272846,-0.5359598,-2.1649992,-1.2727635,-15.647974,-1.4437499,-22.613733,-1.4941543
-0.7240635,-21.294079,-0.9627592,-24.601215,-12.586882,-0.6610032,-10.244398,-0.8296017,-0.59142876,-1.9257698,-1.0604438,-12.716122,-1.2415558,-17.636936,-1.1281798
-0.7206378,-21.023603,-0.9387466,-24.28133,-12.460363,-0.630995,-10.126636,-0.8229898,-0.6000897,-1.9115824,-1.0392594,-12.579207,-1.2225068,-17.428476,-1.0993164
-0.71711504,-20.77618,-0.9189955,-23.989912,-12.340042,-0.5904294,-10.020975,-0.81664,-0.61199474,-1.9013218,-1.0199225,-12.458937,-1.2035955,-17.234001,-1.0711527
-0.7185091,-20.887163,-0.90678465,-24.123964,-12.389109,-0.54546857,-10.063982,-0.81056505,-0.61669886,-1.9083911,-1.0119216,-12.520468,-1.1945593,-17.31595,-1.0618126
-0.7203243,-20.936676,-0.89210665,-24.181883,-12.4077,-0.50853014,-10.081148,-0.8040823,-0.6268243,-1.9131695,-1.004388,-12.54379,-1.184667,-17.352219,-1.0499244
-0.7565998,-23.092237,-0.913699,-26.745625,-13.427542,-0.49008405,-10.969265,-0.7969351,-0.6351336,-2.0159206,-1.0554826,-13.636378,-1.2280344,-19.016354,-1.1436428
-0.8160249,-26.858486,-0.94916224,-31.217081,-15.218733,-0.48157924,-12.51726,-0.78629583,-0.6437696,-2.190158,-1.1516113,-15.522449,-1.3118844,-21.93632,-1.31683
-0.76613605,-24.592312,-0.75184214,-28.410784,-14.236134,-0.39352238,-11.494655,-0.7581572,-0.64980334,-2.0288608,-1.1008341,-14.057976,-1.2681442,-20.335423,-1.2119405
-0.8524378,-30.914593,-0.72440064,-35.84722,-17.309692,-0.39274743,-14.0373745,-0.728358,-0.64073735,-2.2826653,-1.2782972,-17.025013,-1.4288981,-25.336082,-1.5224414
-0.84478307,-30.645243,-0.7171602,-35.520615,-17.164268,-0.3892441,-13.922865,-0.72615486,-0.6306429,-2.2783775,-1.2753532,-16.87902,-1.4194038,-25.122751,-1.503125
-0.84714526,-31.10217,-0.7217324,-36.055477,-17.366587,-0.4056942,-14.108904,-0.72435486,-0.60760033,-2.3065891,-1.2946862,-17.095135,-1.4308033,-25.47424,-1.52302
-0.8498701,-31.64721,-0.7263794,-36.692047,-17.614735,-0.41941568,-14.330866,-0.7231485,-0.5884154,-2.3366706,-1.3184743,-17.3472,-1.4472562,-25.89872,-1.550639
-0.8535285,-32.301548,-0.7332483,-37.456676,-17.917887,-0.44767877,-14.598313,-0.7229392,-0.57711494,-2.3698812,-1.3470516,-17.648983,-1.4691943,-26.400652,-1.5871248
-0.849631,-32.456688,-0.7358124,-37.62845,-17.98651,-0.47919357,-14.661616,-0.7248105,-0.5739051,-2.378041,-1.3628223,-17.699076,-1.481265,-26.518827,-1.6026236
-0.84152377,-32.279083,-0.7379625,-37.407707,-17.897749,-0.5223327,-14.581817,-0.72834176,-0.5642311,-2.3703418,-1.3688633,-17.588463,-1.4858184,-26.379204,-1.6033169
-0.8323108,-31.94195,-0.7438205,-37.002018,-17.73233,-0.5594218,-14.440884,-0.7333969,-0.55758655,-2.3557937,-1.3691628,-17.409388,-1.4861759,-26.113634,-1.5967286
-0.83162487,-32.064896,-0.77642596,-37.141052,-17.79587,-0.5702698,-14.485116,-0.7399449,-0.56862617,-2.3581686,-1.3848351,-17.473331,-1.4972516,-26.20276,-1.6225495
-0.8321447,-32.22283,-0.8056053,-37.322174,-17.878155,-0.58122253,-14.545698,-0.7460096,-0.564366,-2.36078,-1.3996823,-17.552671,-1.5091711,-26.322996,-1.6492522
-0.8307799,-32.188736,-0.8309525,-37.27697,-17.870289,-0.5811595,-14.529825,-0.75153524,-0.56611973,-2.3537948,-1.4065409,-17.535837,-1.5155218,-26.297506,-1.6643003
-0.79566437,-29.7154,-0.8080352,-34.339638,-16.705313,-0.5598998,-13.513264,-0.75703603,-0.5698652,-2.233209,-1.3384812,-16.29569,-1.457561,-24.388689,-1.5514123
-0.7870978,-28.667582,-0.8379375,-33.126488,-16.206509,-0.53337586,-13.091755,-0.7715336,-0.566488,-2.183464,-1.2957273,-15.87403,-1.4339635,-23.536777,-1.5042487
-0.90035224,-35.30252,-1.1194296,-41.11244,-19.279814,-0.6357124,-15.8891945,-0.78426844,-0.55002916,-2.5330749,-1.4644405,-19.559809,-1.595468,-28.502392,-1.8379111
-0.71897537,-23.377874,-0.76437557,-26.885027,-13.7191925,-0.4671677,-10.923974,-0.7592029,-0.596802,-1.9253104,-1.1208708,-13.299953,-1.3010101,-19.436724,-1.23705
-0.767779,-26.195538,-0.86494356,-30.285114,-15.047258,-0.5072565,-12.113185,-0.75795645,-0.57711303,-2.0655727,-1.1888769,-14.851872,-1.3715521,-21.57233,-1.379365
-0.6676767,-18.926552,-0.7710334,-21.689402,-11.5507765,-0.44917572,-9.154039,-0.7679551,-0.6098814,-1.7551694,-0.9743354,-11.273861,-1.1719577,-15.912372,-0.9934039
-0.85488206,-29.704788,-1.2302558,-34.709675,-16.521349,-0.60657436,-13.740566,-0.8035431,-0.5781947,-2.3479147,-1.2477279,-17.307402,-1.4214244,-23.982122,-1.5177311
-0.7824627,-24.699516,-1.1331091,-28.767101,-14.11275,-0.5358138,-11.69216,-0.81350756,-0.6084527,-2.1290538,-1.1048131,-14.777126,-1.2834802,-20.104158,-1.249809
-0.8208088,-27.838324,-1.0790417,-32.442036,-15.672796,-0.49257958,-12.946097,-0.7995007,-0.6097216,-2.2335157,-1.1967008,-16.175991,-1.3740323,-22.633198,-1.415278
-0.7376609,-23.28806,-0.8281585,-26.915657,-13.601368,-0.3961833,-10.986522,-0.7847507,-0.6305927,-1.9680961,-1.0841548,-13.52965,-1.2706419,-19.277847,-1.1927836
-0.8024407,-28.70637,-0.74674964,-33.254684,-16.279842,-0.36371666,-13.145693,-0.7657695,-0.63540435,-2.1578174,-1.2483914,-15.9431925,-1.4236585,-23.636486,-1.476565
-0.7862232,-27.685482,-0.7210908,-32.038013,-15.769592,-0.36311758,-12.731228,-0.7724687,-0.6533777,-2.1236296,-1.2235363,-15.410762,-1.3890889,-22.845875,-1.4138016
-0.8858104,-33.758934,-0.92356837,-39.342453,-18.547825,-0.4478269,-15.309602,-0.79905516,-0.645385,-2.4655704,-1.3877282,-18.701244,-1.5191232,-27.428402,-1.692564
-0.7561994,-25.285202,-0.7515447,-29.232342,-14.521151,-0.41444084,-11.800767,-0.7968768,-0.6531748,-2.072527,-1.157517,-14.331748,-1.3051727,-20.90128,-1.2636856
-0.7890595,-26.773138,-0.8948194,-31.087118,-15.111218,-0.49686435,-12.493952,-0.8242283,-0.651446,-2.2075524,-1.1925865,-15.324425,-1.3213968,-21.922235,-1.3129371
-0.5780516,-12.717335,-0.64183307,-14.332514,-8.493407,-0.3872187,-6.649624,-0.7999605,-0.67095226,-1.5258664,-0.80285037,-8.135713,-0.9791763,-11.090527,-0.6286332
-0.84243107,-28.813013,-1.1811115,-33.6889,-15.881107,-0.6598234,-13.487347,-0.8575769,-0.64521176,-2.4211235,-1.2394571,-16.83238,-1.3319182,-23.259478,-1.3818898
-0.8632282,-29.946053,-1.2528956,-35.072113,-16.371334,-0.72802603,-13.987415,-0.85982823,-0.62784,-2.4992313,-1.2717814,-17.489431,-1.3479974,-24.090675,-1.4330726
-0.99165916,-37.47854,-1.5720764,-44.169514,-19.780212,-0.9092148,-17.217857,-0.8856199,-0.60924506,-2.9420319,-1.4755423,-21.660305,-1.5026605,-29.729568,-1.7837455
-0.731271,-21.775028,-1.0251644,-25.268087,-12.586356,-0.60992825,-10.53771,-0.8253923,-0.6491934,-2.062393,-1.0524039,-13.13175,-1.160218,-17.87922,-1.0500199
-0.7976592,-28.704185,-0.766044,-33.24119,-16.109295,-0.5748633,-13.223285,-0.7528562,-0.6288415,-2.2445655,-1.2901843,-15.820905,-1.3724024,-23.64081,-1.4376101
-0.90933985,-35.12867,-1.0497338,-40.992157,-19.001225,-0.6738448,-15.984549,-0.766194,-0.66646135,-2.6278954,-1.4696295,-19.364315,-1.5024049,-28.449045,-1.7366652
-1.1024654,-47.554096,-1.3625822,-55.808277,-24.765049,-0.8363227,-21.202545,-0.7578245,-0.71055377,-3.2720137,-1.833783,-25.75131,-1.7847528,-37.986614,-2.342134
-0.76056004,-42.587605,-0.5973591,-49.80955,-19.772635,-0.5206553,-19.738768,0.012700915,-0.60109425,-3.8185077,-2.5423484,-17.650196,-1.1362324,-35.655945,-1.6799403
-0.9681001,-71.14883,-0.69779855,-83.78698,-30.75018,-0.68720186,-32.221443,0.6961817,-0.55942047,-5.968819,-4.1130047,-27.45913,-1.3296595,-58.909504,-2.7095845
-1.145637,-54.721306,-0.83541024,-63.785927,-28.586071,-0.7787851,-23.805876,-0.6063437,-0.75305176,-3.346142,-2.1190858,-27.885689,-2.0376043,-44.248756,-2.785878
-0.80235493,-29.098629,-0.74966764,-33.609283,-16.303326,-0.560179,-13.34229,-0.70938325,-0.74431705,-2.2459676,-1.3237655,-15.838721,-1.3841534,-24.011822,-1.4736445
-0.9246673,-35.143875,-1.1963491,-41.02161,-18.90609,-0.71893096,-16.020742,-0.75740266,-0.7776469,-2.675846,-1.4733362,-19.553219,-1.4666773,-28.34769,-1.7350769
-0.8136319,-28.667263,-0.92198026,-33.221153,-15.982951,-0.5778333,-13.245588,-0.7444607,-0.7549473,-2.2937613,-1.292062,-16.000877,-1.3179407,-23.489998,-1.4330474
-0.68842506,-33.650105,-0.5915066,-39.162933,-16.187016,-0.3982721,-15.840788,-0.16230416,-0.6991289,-3.1940248,-2.0860846,-14.399913,-0.9872986,-28.40493,-1.3376019
-1.1032765,-49.93098,-1.0368925,-58.296135,-26.1799,-0.65953726,-21.922531,-0.6837961,-0.78373206,-3.2091594,-1.9353781,-26.132885,-1.7561435,-40.228455,-2.523195
-0.7793134,-26.947006,-0.7979989,-31.12922,-15.253885,-0.4769992,-12.48261,-0.74498916,-0.7507044,-2.1688523,-1.2410247,-14.991902,-1.2350975,-22.22836,-1.3583232
-0.81639916,-29.786186,-0.79837185,-34.477825,-16.628942,-0.47953132,-13.629588,-0.7403739,-0.7404418,-2.2849793,-1.324752,-16.335415,-1.2893615,-24.458336,-1.5042429
-0.7217743,-23.408155,-0.685543,-26.909313,-13.627654,-0.4243477,-10.984305,-0.7499207,-0.7084393,-1.9781756,-1.1359606,-13.150349,-1.1460094,-19.512302,-1.1854243
-0.82569885,-29.427515,-0.95237,-34.18986,-16.345436,-0.50409305,-13.564924,-0.77773756,-0.6882844,-2.336599,-1.2952906,-16.522167,-1.2353654,-23.986084,-1.4624656
-0.8228545,-28.166138,-1.0984771,-32.82007,-15.629288,-0.5497755,-13.133553,-0.80957824,-0.665134,-2.347571,-1.2431172,-16.245949,-1.1910938,-22.829126,-1.377251
-0.75000894,-24.602615,-0.8250204,-28.443426,-14.102903,-0.4511478,-11.549351,-0.7645887,-0.63472015,-2.089647,-1.1557842,-14.036072,-1.156601,-20.28783,-1.2244897
-0.8513628,-32.402477,-0.77370584,-37.645626,-17.957842,-0.5002831,-14.70486,-0.7289803,-0.57377535,-2.3815856,-1.3893131,-17.65251,-1.3912928,-26.530754,-1.6402934
-0.8516189,-32.201897,-0.763839,-37.446987,-17.907927,-0.53935266,-14.635736,-0.729213,-0.534734,-2.3634071,-1.3787441,-17.591482,-1.44449,-26.410507,-1.6377062
-0.8507778,-31.977179,-0.755375,-37.21172,-17.836084,-0.55675316,-14.5559435,-0.7296796,-0.50547457,-2.3467534,-1.3692949,-17.508383,-1.49171,-26.26729,-1.632101
-0.8483027,-31.689468,-0.7532052,-36.892815,-17.715221,-0.56315947,-14.451498,-0.7311959,-0.48797798,-2.3050494,-1.3605272,-17.38821,-1.5271096,-26.064037,-1.6200271
-0.85601485,-32.158318,-0.7601832,-37.467136,-17.948986,-0.58745444,-14.658081,-0.7315672,-0.4769095,-2.302473,-1.374948,-17.63411,-1.57497,-26.448626,-1.6449182
-0.8140061,-29.373116,-0.7159519,-34.146603,-16.62226,-0.5757779,-13.505879,-0.73420155,-0.4851304,-2.1599712,-1.2975614,-16.219795,-1.5205312,-24.296343,-1.5042174
-0.7456215,-24.730934,-0.6640779,-28.614641,-14.387487,-0.5335332,-11.586647,-0.741277,-0.52125174,-1.9533069,-1.1657777,-13.900204,-1.3952783,-20.66885,-1.2662925
-0.78606415,-26.397366,-0.8627231,-30.719336,-15.05029,-0.621109,-12.374786,-0.7685093,-0.5372388,-2.0949364,-1.2028813,-15.078908,-1.4262698,-21.79602,-1.3278532
-0.69694984,-19.717945,-0.88322484,-22.818958,-11.764168,-0.5798995,-9.654133,-0.79331017,-0.6123402,-1.8551762,-1.0033942,-11.93635,-1.2076209,-16.462746,-0.97431695
-0.6940511,-19.500132,-0.8948631,-22.559874,-11.639732,-0.5987358,-9.571415,-0.79580504,-0.63858974,-1.8551986,-0.9987699,-11.8404045,-1.1938641,-16.27844,-0.95975345
-0.70767474,-20.476812,-0.9204341,-23.71875,-12.078842,-0.6290853,-9.983925,-0.7986001,-0.6713185,-1.9119992,-1.0311522,-12.326518,-1.2064861,-17.027508,-1.0043241
-0.74869883,-23.39767,-0.9663772,-27.185469,-13.444512,-0.6801064,-11.2008095,-0.7986993,-0.70993733,-2.05483,-1.1217072,-13.764241,-1.2706761,-19.30019,-1.1467688
-0.7858391,-26.10593,-1.0058343,-30.389778,-14.704936,-0.7129872,-12.324349,-0.79808533,-0.7620967,-2.1926248,-1.2064607,-15.080606,-1.3203309,-21.405943,-1.2779635
-0.74764717,-24.38492,-0.83332276,-28.216606,-13.971931,-0.63454187,-11.52466,-0.77524865,-0.78778946,-2.071338,-1.1704457,-13.89225,-1.2662388,-20.205057,-1.2060406
-0.84111476,-31.421162,-0.8340757,-36.48832,-17.34488,-0.681481,-14.391476,-0.75456613,-0.8191576,-2.3739328,-1.3922803,-17.128588,-1.4308012,-25.78294,-1.5639502
-0.85612136,-33.00151,-0.83204854,-38.30694,-18.0255,-0.6026496,-15.0260105,-0.73792624,-0.7645132,-2.482829,-1.4566548,-17.763374,-1.396403,-27.006905,-1.631458
-0.8462106,-32.83264,-0.8011725,-38.049606,-17.895836,-0.5208293,-14.931885,-0.7231273,-0.71536684,-2.502347,-1.4657729,-17.541355,-1.330948,-26.874603,-1.6150987
-0.83663213,-32.55465,-0.7766695,-37.675323,-17.725384,-0.46061715,-14.796909,-0.7116757,-0.6595197,-2.5112526,-1.4667556,-17.301746,-1.2785251,-26.653381,-1.595501
-0.8259432,-31.997875,-0.76595247,-36.989986,-17.42749,-0.40591,-14.556414,-0.7056536,-0.61395276,-2.5051117,-1.4540886,-16.980515,-1.2340791,-26.202106,-1.5630411
-0.83141565,-32.48653,-0.7737478,-37.552525,-17.628382,-0.36898986,-14.751831,-0.7006953,-0.58300006,-2.5440993,-1.4697806,-17.193295,-1.2256031,-26.563309,-1.5837158
-0.8370277,-32.89646,-0.7772492,-38.02828,-17.814411,-0.3450913,-14.913862,-0.69816065,-0.534983,-2.5666933,-1.478569,-17.384783,-1.2370958,-26.872429,-1.6046346
-0.8346359,-32.662277,-0.7735326,-37.748264,-17.711216,-0.32235515,-14.811522,-0.698798,-0.51437104,-2.5510943,-1.465223,-17.280588,-1.247596,-26.684143,-1.5961373
-0.8245131,-31.655432,-0.77011037,-36.569183,-17.263382,-0.33779347,-14.387392,-0.71010715,-0.527105,-2.4855542,-1.4196254,-16.852499,-1.2569373,-25.886124,-1.5528979
-0.8309692,-31.738834,-0.7910483,-36.69171,-17.323732,-0.39222664,-14.422314,-0.72137463,-0.54714173,-2.4748769,-1.4064991,-16.981445,-1.2939059,-25.928722,-1.5628648
-0.82875264,-30.933762,-0.8060012,-35.774113,-16.998108,-0.47385365,-14.078119,-0.749059,-0.58945584,-2.398343,-1.3528636,-16.733337,-1.3255886,-25.27364,-1.5346382
-0.84422785,-31.183624,-0.8209419,-36.10617,-17.16781,-0.5691614,-14.173807,-0.7719545,-0.6268178,-2.3742921,-1.3343548,-16.992668,-1.3810632,-25.444513,-1.5582225
-0.8504699,-30.926567,-0.82624495,-35.83604,-17.082436,-0.64293396,-14.064349,-0.7908401,-0.66388637,-2.317217,-1.3057718,-16.988516,-1.4228255,-25.230564,-1.5559249
-0.8216822,-28.069284,-0.8624054,-32.525467,-15.718096,-0.67288446,-12.925225,-0.81379694,-0.70911723,-2.1810598,-1.2058008,-15.807169,-1.3825929,-22.93985,-1.4127218
-0.7417772,-23.183811,-0.691892,-26.674833,-13.510754,-0.6192893,-10.86247,-0.7994541,-0.7349314,-1.8976424,-1.0723931,-13.215206,-1.2971226,-19.25731,-1.1847482
-0.99110854,-37.535866,-1.1682076,-43.942135,-20.1432,-0.9726448,-16.912209,-0.868163,-0.7463037,-2.5961037,-1.4278722,-21.070305,-1.687217,-30.071236,-1.8867065
-0.78085935,-24.191883,-0.94109726,-28.066181,-13.859123,-0.7743792,-11.409597,-0.85565,-0.7447897,-2.0100055,-1.0785062,-14.269253,-1.327864,-19.798239,-1.2141509
-0.8712207,-31.804918,-0.80247355,-36.961258,-17.670103,-0.86467373,-14.426325,-0.8435513,-0.7059986,-2.2209163,-1.3090782,-17.640457,-1.5850952,-25.950459,-1.6327742
-0.8485489,-31.196222,-0.71069026,-36.177303,-17.450005,-0.8374822,-14.147831,-0.83987457,-0.6902815,-2.1714697,-1.3129632,-17.154274,-1.5720396,-25.582638,-1.6095179
-0.8892801,-34.247627,-0.77246594,-39.815395,-18.893421,-0.9002228,-15.435035,-0.8551133,-0.6698749,-2.3267741,-1.4127065,-18.712437,-1.6415074,-27.949505,-1.7584044
-0.80817497,-29.171875,-0.72632736,-33.842476,-16.463251,-0.7921821,-13.401093,-0.82424104,-0.6688228,-2.163351,-1.2975314,-16.151321,-1.4623871,-24.050524,-1.490378
-0.74701416,-25.396091,-0.6745635,-29.373428,-14.667486,-0.7121692,-11.873378,-0.80039287,-0.6575851,-2.0300744,-1.2102404,-14.215876,-1.335051,-21.160767,-1.2938497
-0.7837579,-27.262522,-0.8647645,-31.738558,-15.442207,-0.77249056,-12.771859,-0.8161192,-0.62540835,-2.212649,-1.2730589,-15.452731,-1.3383545,-22.49187,-1.3568053
-0.6998798,-20.649338,-0.89997876,-23.94868,-12.199873,-0.70041853,-10.094474,-0.8206752,-0.64190876,-1.9753796,-1.0709286,-12.378873,-1.1440021,-17.21712,-1.0047264
-0.6930239,-20.124249,-0.8950215,-23.334162,-11.94953,-0.685405,-9.891146,-0.8152082,-0.6251927,-1.9638085,-1.0624733,-12.106317,-1.0986478,-16.823357,-0.97333485
-0.694895,-20.129614,-0.90420103,-23.35433,-11.94692,-0.67831284,-9.908645,-0.81365657,-0.61557126,-1.9755149,-1.066738,-12.117016,-1.0727935,-16.832178,-0.9690752
-0.69580215,-19.98882,-0.91354847,-23.196486,-11.864988,-0.6667354,-9.858905,-0.8156165,-0.6206471,-1.9747086,-1.0615513,-12.0653,-1.054294,-16.715868,-0.95957625
-0.7054116,-20.084475,-0.9355351,-23.302626,-11.888832,-0.62602377,-9.87878,-0.83466244,-0.6655846,-1.9453322,-1.0404067,-12.180486,-1.0912025,-16.739248,-0.9713288
-0.7138803,-20.135271,-0.953447,-23.351269,-11.895055,-0.5932623,-9.876248,-0.85631025,-0.71128386,-1.9131415,-1.0174232,-12.26938,-1.1318916,-16.726982,-0.98214746
-0.81625444,-25.40612,-1.2164397,-29.74121,-14.261832,-0.6703669,-12.132365,-0.92122,-0.76423466,-2.1744225,-1.1293349,-15.334176,-1.2927594,-20.606636,-1.2370859
-0.5960264,-12.744638,-0.6962937,-14.401352,-8.484308,-0.485328,-6.679895,-0.83165216,-0.774545,-1.4866112,-0.78991187,-8.283934,-1.0102525,-11.068828,-0.64057875
-1.0292132,-38.40821,-1.4466529,-45.191338,-20.401148,-0.75186455,-17.447344,-1.0239494,-0.9113449,-2.6226087,-1.423822,-22.08577,-1.7836554,-30.560827,-1.9259703
-0.8655431,-27.642872,-1.2942089,-32.36345,-15.275354,-0.69312143,-12.981086,-0.98130983,-0.88439524,-2.185033,-1.1264769,-16.661394,-1.4775063,-22.171429,-1.3768255
-0.7874879,-25.027218,-0.861707,-28.965359,-14.310608,-0.5756533,-11.678841,-0.9101557,-0.85201883,-1.9071531,-1.0817993,-14.5562315,-1.4655848,-20.523415,-1.293793
-0.8767078,-31.59414,-0.8409424,-36.676655,-17.502254,-0.6149186,-14.293496,-0.9301216,-0.86873305,-2.0943758,-1.2504206,-17.692057,-1.7182355,-25.684847,-1.6549016
-0.87098455,-32.149006,-0.79290044,-37.30667,-17.809635,-0.63597804,-14.5076275,-0.9005817,-0.8063859,-2.1349735,-1.2930782,-17.85614,-1.7024676,-26.160755,-1.6814742
-0.8558295,-32.0287,-0.7408496,-37.138496,-17.797646,-0.6623705,-14.448849,-0.8686969,-0.73311925,-2.1529374,-1.3178447,-17.68859,-1.6603506,-26.113667,-1.6718762
-0.8466909,-32.2321,-0.7028124,-37.363365,-17.932823,-0.70776576,-14.529749,-0.8401162,-0.654029,-2.1881518,-1.3506553,-17.699768,-1.6261699,-26.313044,-1.6772354
-0.8326768,-32.005005,-0.6652962,-37.08271,-17.859127,-0.73938286,-14.4391365,-0.81244767,-0.59338546,-2.2081594,-1.3708096,-17.499016,-1.5783963,-26.181414,-1.6591737
-0.82259524,-31.870445,-0.6407523,-36.92124,-17.821745,-0.74208176,-14.39449,-0.7895937,-0.535034,-2.2345989,-1.3910935,-17.36226,-1.5345877,-26.118223,-1.6445937
-0.78465396,-29.465815,-0.60556746,-34.06098,-16.68816,-0.7133924,-13.423153,-0.7704788,-0.51034164,-2.1635263,-1.3399353,-16.113495,-1.4345214,-24.28557,-1.5136881
-0.73668367,-26.032084,-0.575621,-29.990639,-15.0482025,-0.65416884,-12.031926,-0.75946033,-0.52628016,-2.042429,-1.2501285,-14.386054,-1.3184063,-21.636929,-1.3314743
-0.7801579,-28.152708,-0.7535372,-32.619167,-15.961861,-0.6845198,-13.005657,-0.7797697,-0.51684296,-2.2117174,-1.3122385,-15.730981,-1.3332995,-23.155046,-1.414692
-0.7044399,-21.551369,-0.8109609,-24.867441,-12.714046,-0.65012884,-10.354407,-0.7979572,-0.58819336,-1.9688349,-1.1013074,-12.689964,-1.1275227,-17.90252,-1.064256
-0.7086806,-21.538792,-0.8277513,-24.86487,-12.703505,-0.65322787,-10.364395,-0.8086431,-0.60860157,-1.970434,-1.0977978,-12.704883,-1.1117494,-17.89491,-1.0611947
-0.71023726,-21.271008,-0.83997345,-24.563486,-12.564516,-0.66482586,-10.269326,-0.82096744,-0.63955486,-1.9601319,-1.0838697,-12.604344,-1.0983096,-17.681664,-1.0456139
-0.70766187,-20.689213,-0.8529322,-23.891743,-12.270192,-0.67960465,-10.04366,-0.8333427,-0.6702489,-1.9354602,-1.0586286,-12.355892,-1.0856521,-17.217506,-1.0146902
-0.7099742,-20.425177,-0.8742869,-23.59522,-12.11965,-0.66641974,-9.946313,-0.8463772,-0.7024159,-1.9207103,-1.0386281,-12.276146,-1.1029357,-16.993458,-1.0019197
-0.7627045,-22.770021,-1.0590965,-26.49136,-13.1137905,-0.71610415,-10.996699,-0.88697827,-0.7339437,-2.0718644,-1.0824665,-13.773004,-1.1474425,-18.664703,-1.1063552
-0.60964835,-13.702504,-0.72267115,-15.549424,-8.931948,-0.5694528,-7.11285,-0.82808065,-0.7505759,-1.5764472,-0.8321878,-8.780434,-0.96147823,-11.821285,-0.6770221
-0.90776193,-31.673328,-1.2294822,-37.1044,-17.328905,-0.7487328,-14.737467,-0.93260866,-0.78146744,-2.4562244,-1.3205736,-18.3801,-1.4283891,-25.576952,-1.58048
-0.78695786,-23.813679,-1.1308159,-27.763649,-13.555624,-0.6879368,-11.466642,-0.8969329,-0.7760018,-2.1202137,-1.0992833,-14.448513,-1.2474635,-19.432165,-1.1800159
-0.7981379,-25.67485,-1.0220506,-29.891483,-14.524157,-0.63173974,-12.166426,-0.8717526,-0.76706636,-2.1424103,-1.1653047,-15.133536,-1.3487108,-21.012623,-1.2976327
-0.7438276,-23.328926,-0.8222431,-26.989117,-13.517435,-0.56960106,-11.098336,-0.83092415,-0.74273324,-1.9709566,-1.1139743,-13.619169,-1.3244905,-19.348602,-1.1985267
-0.8259139,-29.985592,-0.8007345,-34.844254,-16.752586,-0.5662147,-13.800837,-0.8185059,-0.69448864,-2.2103045,-1.3174602,-16.777111,-1.5700759,-24.636322,-1.561744
-0.8343808,-30.979927,-0.7942862,-36.02249,-17.23285,-0.596628,-14.196853,-0.80956733,-0.6603291,-2.2465212,-1.3510215,-17.24906,-1.6210611,-25.418644,-1.6157746
-0.8405124,-31.830296,-0.7787051,-37.024265,-17.65295,-0.6425295,-14.528729,-0.80444413,-0.60952044,-2.2742157,-1.3806386,-17.629322,-1.6611662,-26.0964,-1.6612098
-0.8408692,-32.234447,-0.7568072,-37.49363,-17.863943,-0.68047357,-14.674822,-0.8002252,-0.5663519,-2.2828076,-1.3966656,-17.778486,-1.6804594,-26.428436,-1.6819334
-0.8289805,-31.692581,-0.7155354,-36.847744,-17.60702,-0.73161846,-14.432252,-0.79770815,-0.5488432,-2.2576594,-1.3789592,-17.461811,-1.656301,-26.008427,-1.6404452
-0.78955865,-28.965054,-0.66663826,-33.604256,-16.307598,-0.7485858,-13.293125,-0.7967288,-0.56445277,-2.1433544,-1.296232,-16.06435,-1.5501266,-23.879295,-1.4854279
-0.73520523,-24.992054,-0.6203799,-28.880615,-14.413883,-0.7324171,-11.647721,-0.796311,-0.60222435,-1.9651613,-1.1773188,-14.062279,-1.4023602,-20.775991,-1.2697407
-0.77857053,-27.006723,-0.7880646,-31.389526,-15.2637825,-0.8321657,-12.554346,-0.8279636,-0.6035197,-2.1060615,-1.2209458,-15.368023,-1.424772,-22.181301,-1.3435315
-0.7018352,-20.565186,-0.8320097,-23.792957,-12.126314,-0.79790694,-9.951791,-0.8397329,-0.65863824,-1.8764184,-1.024349,-12.349314,-1.1943104,-17.056965,-0.9992851
-0.7061325,-20.772133,-0.8299529,-24.03658,-12.233857,-0.81432825,-10.034179,-0.84344035,-0.65885395,-1.880132,-1.0295401,-12.4350195,-1.186017,-17.222267,-1.0060942
-0.70478106,-20.4712,-0.83737296,-23.682217,-12.087099,-0.8230425,-9.914104,-0.8479601,-0.67555565,-1.8695384,-1.019433,-12.291238,-1.1517458,-16.982002,-0.9878174
-0.7057515,-20.254337,-0.86043185,-23.437557,-11.970632,-0.8321049,-9.833031,-0.8575568,-0.68995845,-1.869453,-1.0109107,-12.210738,-1.1217754,-16.789885,-0.9740743
-0.71325874,-20.527046,-0.8871267,-23.77385,-12.089926,-0.850318,-9.953394,-0.86685735,-0.70544404,-1.8898485,-1.0169086,-12.371943,-1.1099287,-16.982216,-0.98624253
-0.7179568,-20.665565,-0.9054836,-23.944113,-12.152262,-0.85082304,-10.009157,-0.87327176,-0.72419876,-1.9025214,-1.0200762,-12.452863,-1.1005969,-17.079811,-0.99405676
-0.71275514,-20.155252,-0.9131416,-23.338064,-11.909632,-0.84215826,-9.7981415,-0.87552416,-0.7339096,-1.8873408,-1.0054045,-12.20584,-1.0810041,-16.678646,-0.9712161
-0.7154271,-20.209522,-0.92962044,-23.40512,-11.933514,-0.8246435,-9.824011,-0.8773806,-0.73960185,-1.8982793,-1.0077204,-12.247252,-1.0838624,-16.714794,-0.97720206
-0.7163514,-20.190529,-0.9426086,-23.38274,-11.922819,-0.7979626,-9.820251,-0.8769548,-0.74647105,-1.9056295,-1.0085294,-12.249027,-1.0874449,-16.696339,-0.9799558
-0.87803626,-30.024183,-1.266571,-35.22303,-16.475233,-0.927294,-13.97262,-0.9353551,-0.74495286,-2.4149275,-1.2799008,-17.540688,-1.3232567,-24.14471,-1.4594673
-1.0308006,-40.735737,-1.3787122,-47.94835,-21.611908,-0.9589287,-18.367609,-0.95967275,-0.7406278,-2.8699784,-1.596099,-22.807451,-1.6146159,-32.511196,-2.014032
-0.95581496,-40.42383,-0.6444235,-47.059875,-21.99937,-0.677956,-17.852863,-0.8409306,-0.73629034,-2.552754,-1.6483502,-21.152954,-1.7080212,-33.031933,-2.0934513
-1.2301233,-73.19674,-0.74512863,-86.5168,-35.356853,-0.7001245,-32.065487,-0.37305713,-0.75911814,-4.745204,-3.2909665,-33.367287,-1.8282433,-59.821003,-3.408453
-1.1556332,-72.25523,-0.889651,-85.82897,-33.510838,-0.686495,-32.191708,-0.1447401,-0.8121699,-5.2142916,-3.5744002,-31.529436,-1.3877308,-59.400055,-3.147157
-0.99206674,-64.44927,-0.6938351,-76.656044,-29.137653,-0.5751563,-29.168774,0.028157592,-0.8408377,-5.078806,-3.5307329,-26.53165,-0.9788945,-53.68027,-2.6496053
-1.2632213,-58.367386,-1.1880778,-68.629234,-30.228447,-0.8618305,-25.403965,-0.9443701,-0.8880037,-3.4673855,-2.1427152,-30.748163,-2.0545855,-46.657753,-2.9790971
-0.8726058,-30.818356,-0.97596264,-35.94567,-17.028503,-0.753185,-14.135929,-0.9264702,-0.8402101,-2.32623,-1.3223841,-17.359093,-1.3497496,-25.055971,-1.5494626
-0.6845573,-27.270294,-0.51756316,-31.841534,-14.183769,-0.5661429,-12.979638,-0.59579647,-0.7967752,-2.5184298,-1.6256098,-12.836,-0.8879864,-23.239616,-1.1813638
-1.0121808,-41.468273,-0.8466315,-48.481274,-22.264236,-0.7495576,-18.403101,-1.016394,-0.78021514,-2.6737652,-1.6317883,-22.31659,-1.6554173,-33.499622,-2.1156666
-0.7932478,-25.651016,-0.8403764,-29.781738,-14.6076765,-0.69105774,-11.989096,-0.95865166,-0.77481794,-2.0724103,-1.1638416,-14.77346,-1.2350957,-21.031836,-1.2827888
-0.7767733,-25.535696,-0.6902037,-29.550331,-14.659037,-0.6294289,-11.867559,-0.94354653,-0.76144505,-2.0040643,-1.1695879,-14.441681,-1.2545495,-21.078396,-1.2911357
-0.8464247,-30.808441,-0.67498064,-35.787968,-17.224163,-0.6388885,-14.002725,-0.97093475,-0.74219203,-2.1952753,-1.3222877,-16.965729,-1.3780754,-25.224255,-1.563237
-0.8322787,-29.911242,-0.68120193,-34.724396,-16.789936,-0.63973033,-13.643053,-0.9584148,-0.73242813,-2.1628957,-1.295892,-16.54933,-1.3374965,-24.510204,-1.512024
-0.83918846,-30.494453,-0.6994361,-35.41983,-17.066673,-0.6636189,-13.88996,-0.95234066,-0.71868545,-2.1915421,-1.3067214,-16.858131,-1.3388963,-24.9538,-1.5370872
-0.85033834,-31.440674,-0.7127633,-36.540512,-17.524496,-0.68041426,-14.280964,-0.94306105,-0.7115959,-2.231905,-1.3300807,-17.323458,-1.3539569,-25.692577,-1.5821617
-0.78959846,-25.04756,-1.0025637,-29.171164,-14.222658,-0.74192643,-11.834852,-0.9418802,-0.7433055,-2.1130376,-1.1231303,-14.811159,-1.1548142,-20.385805,-1.2155455
-0.5305259,-9.899905,-0.94857216,-10.731203,-7.5376835,-0.51832724,-5.0431004,-0.79308426,-0.7955764,-1.2253606,-0.8297996,-6.730874,-0.78978634,-8.793908,-0.6843538
-1.3028761,-59.243404,-1.6202904,-70.01323,-30.405575,-1.0002859,-26.031633,-1.0947863,-0.6746291,-3.6534724,-2.061357,-32.35294,-1.9460253,-46.70173,-2.903156
-0.8912095,-30.398752,-1.32233,-35.69982,-16.613644,-0.8536748,-14.165514,-0.951474,-0.76519734,-2.4468231,-1.2582884,-17.925632,-1.2636514,-24.320856,-1.4522289
-0.8104496,-41.462536,-0.49582875,-48.811447,-20.344063,-0.6097973,-19.017939,-0.44635683,-0.6963915,-3.3152018,-2.2384286,-18.408463,-0.9573915,-34.77061,-1.7597197
-0.8958773,-50.227165,-0.52165884,-59.340183,-24.012764,-0.6634481,-22.788494,-0.3443033,-0.7040079,-3.8617063,-2.65144,-21.776524,-1.0107901,-41.910038,-2.1160574
-0.94798326,-37.813976,-0.7598169,-44.05995,-20.643263,-0.7305632,-16.868635,-0.8196038,-0.78483033,-2.4899528,-1.537565,-20.191565,-1.5385792,-30.817171,-1.9077989
-0.82227564,-26.930843,-0.98718625,-31.35757,-15.182301,-0.78241485,-12.573761,-0.8414699,-0.80510813,-2.1789522,-1.2050216,-15.475258,-1.2109413,-22.00074,-1.3190662
-0.8115207,-24.991783,-1.1861508,-29.210272,-14.073933,-0.8598342,-11.896063,-0.85644096,-0.80353886,-2.199075,-1.1445422,-14.91708,-1.137168,-20.282713,-1.1946411
-0.74023783,-20.844898,-1.0320141,-24.20754,-12.155586,-0.81085914,-10.136499,-0.8391149,-0.7942221,-1.9833128,-1.0402514,-12.626192,-1.057032,-17.171467,-0.99902743
-0.8026866,-25.18196,-1.0967994,-29.3853,-14.196257,-0.88503385,-11.931031,-0.8315118,-0.77513415,-2.1807845,-1.1760548,-14.761685,-1.1701508,-20.552166,-1.2168
-0.775486,-23.66027,-1.0453341,-27.555332,-13.485772,-0.8717829,-11.287051,-0.81532073,-0.7651159,-2.1026177,-1.1376138,-13.930481,-1.1484919,-19.405415,-1.1452577
-0.8937749,-31.974697,-1.1631634,-37.48849,-17.397253,-0.97920394,-14.729652,-0.8155607,-0.7450697,-2.4784355,-1.3900017,-18.046228,-1.3687515,-25.87394,-1.5596938
-1.0199268,-42.0252,-1.1425024,-49.38855,-22.241646,-1.0650563,-18.808765,-0.798366,-0.7243402,-2.8634775,-1.7049873,-22.709156,-1.6629362,-33.85246,-2.0807006
-0.7932904,-45.412422,-0.5681987,-53.861526,-21.21352,-0.9268732,-20.984947,-0.2901406,-0.57015073,-3.8461618,-2.6320987,-19.144674,-0.8678109,-38.212128,-1.8293543
-1.2763116,-65.03072,-0.63031447,-76.31205,-33.68848,-1.1241486,-27.920696,-0.82018507,-0.5228071,-3.5034995,-2.3756034,-32.753025,-2.4418046,-52.46873,-3.3277214
-0.89768505,-58.683018,-0.5286548,-69.814384,-26.693527,-1.0544224,-26.702679,-0.2593351,-0.42289582,-4.637135,-3.2235503,-24.165363,-0.99868697,-49.036037,-2.3700886
-0.8558186,-51.90557,-0.5010284,-61.597813,-24.066875,-0.9985245,-23.714163,-0.38567054,-0.4625739,-4.130904,-2.8417592,-21.780119,-1.017061,-43.45636,-2.122815
-1.0666014,-46.07699,-0.82701635,-53.96749,-24.529482,-1.0256213,-20.282417,-0.9809235,-0.61679757,-2.7814002,-1.7028213,-24.492004,-1.9338633,-37.17166,-2.3405488
-0.7722669,-23.344301,-0.9362874,-27.120815,-13.456039,-0.8511061,-11.098875,-0.9000008,-0.7598341,-1.9896271,-1.0571115,-13.846638,-1.2312646,-19.146858,-1.1477275
-0.71220994,-19.17381,-0.88090044,-22.168344,-11.5027485,-0.79331166,-9.380664,-0.86181283,-0.79277104,-1.8121116,-0.94631815,-11.757416,-1.1102066,-15.937508,-0.94071317
-0.7121724,-19.07573,-0.8840934,-22.071568,-11.480009,-0.7725247,-9.345153,-0.84655046,-0.80733263,-1.808953,-0.9458114,-11.7328205,-1.1013484,-15.873266,-0.9380175
-0.76231337,-22.042587,-0.9801222,-25.672049,-12.8781185,-0.7920004,-10.603169,-0.84887886,-0.81550145,-1.9571028,-1.0254159,-13.369271,-1.1683817,-18.13399,-1.0843894
-0.8125531,-24.89793,-1.1052563,-29.159115,-14.199346,-0.82496005,-11.831131,-0.85543495,-0.8254221,-2.1160624,-1.1032144,-15.002863,-1.2243294,-20.279867,-1.2210635
-0.79889226,-24.330791,-1.064886,-28.464472,-13.947033,-0.7998115,-11.580559,-0.84019375,-0.8308118,-2.0834365,-1.0995065,-14.638647,-1.2013464,-19.888609,-1.1970993
-1.1582253,-48.800686,-1.3943082,-57.760223,-25.685188,-0.9505882,-21.700542,-0.85447264,-0.7837389,-3.119237,-1.7918985,-27.092974,-1.8311248,-38.954754,-2.4479754
-0.9520389,-39.020245,-0.69384766,-45.64857,-21.3682,-0.64888275,-17.353706,-0.75570565,-0.728438,-2.4778762,-1.5822351,-20.90437,-1.6303277,-31.946064,-2.0167665
-1.3206829,-70.130806,-0.7300566,-82.768936,-35.98328,-0.624079,-30.20728,-0.64200795,-0.5809325,-3.8474803,-2.668099,-35.121353,-2.2721372,-56.828545,-3.5655043
-1.3088933,-71.11648,-0.74482626,-83.975266,-36.18114,-0.6299333,-30.68566,-0.6458822,-0.52931213,-3.98844,-2.7794597,-35.21874,-2.2000947,-57.689957,-3.559075
-1.0341622,-71.794235,-0.7794949,-86.01548,-32.68193,-0.6550834,-32.395897,-0.06911576,-0.45074967,-5.4480753,-3.8723602,-30.179447,-0.9683238,-59.86544,-2.9730442
-0.96673906,-64.133804,-0.74695337,-76.71325,-29.50397,-0.6422248,-29.060047,-0.1923387,-0.46048886,-4.954665,-3.4997702,-27.17768,-0.9439179,-53.585384,-2.6524978
-1.1694161,-55.48502,-1.0488143,-65.31447,-28.94446,-0.76911205,-24.213615,-0.9308841,-0.5378574,-3.305842,-2.114788,-29.166435,-1.9548674,-44.63429,-2.7736444
-0.68419063,-19.311792,-0.7576524,-22.231699,-11.596524,-0.664,-9.368734,-0.85435987,-0.7467823,-1.8095434,-1.0244017,-11.403917,-1.0526597,-16.246569,-0.9437536
-0.80858743,-27.988148,-0.88666433,-32.591667,-15.697473,-0.7527808,-12.960345,-0.90251994,-0.7013582,-2.1992745,-1.2827456,-15.750758,-1.2640492,-22.984108,-1.369336
-0.75498825,-23.269201,-0.9422851,-27.033424,-13.364191,-0.7845601,-11.07273,-0.91113293,-0.7446613,-2.0441785,-1.1326118,-13.61903,-1.1353898,-19.181538,-1.1137893
-0.7111285,-19.986456,-0.91367334,-23.139309,-11.798096,-0.7721549,-9.730422,-0.90470517,-0.7755883,-1.9081686,-1.0341322,-12.008695,-1.0544893,-16.618767,-0.9463016
-0.69979656,-19.430504,-0.86336917,-22.456749,-11.56708,-0.7693417,-9.483065,-0.89987665,-0.78906095,-1.86746,-1.0217564,-11.641577,-1.0473301,-16.237284,-0.9212882
-0.72285235,-20.847198,-0.9084163,-24.176813,-12.222492,-0.7990466,-10.08704,-0.91507435,-0.79373115,-1.942431,-1.0624611,-12.400324,-1.0794188,-17.320438,-0.98577696
-0.72575784,-20.754585,-0.95046604,-24.101074,-12.149244,-0.8076886,-10.0733185,-0.9225782,-0.7976178,-1.956586,-1.056154,-12.443675,-1.0715942,-17.20682,-0.9765796
-0.867936,-29.314491,-1.2430239,-34.46618,-16.08718,-0.92770547,-13.714113,-0.99747634,-0.7806412,-2.411254,-1.2978672,-17.078184,-1.2591838,-23.70284,-1.374077
-1.0189021,-39.962894,-1.3378268,-47.17536,-21.181894,-0.95899546,-18.102001,-1.0451161,-0.7307049,-2.8631945,-1.6208835,-22.298256,-1.5262926,-32.063705,-1.9033997
-0.9558589,-40.14909,-0.64615,-46.920746,-21.775438,-0.6534318,-17.814999,-0.9296663,-0.6604426,-2.5785108,-1.6841543,-20.983818,-1.618093,-32.930687,-2.0020392
-1.296108,-71.23902,-0.72803,-84.29077,-35.7845,-0.55131793,-30.931372,-0.83964956,-0.45906833,-4.2027597,-2.9395664,-34.37629,-2.0812209,-58.0519,-3.4181588
-1.0972964,-71.119255,-0.7735768,-85.341644,-32.857082,-0.4004324,-32.07395,-0.30526465,-0.41753244,-5.3147964,-3.7708645,-30.305233,-1.1097908,-59.370388,-2.9666548
-1.0372173,-63.2391,-0.7392707,-75.7555,-29.571453,-0.2940734,-28.635298,-0.35732824,-0.44999957,-4.7966633,-3.3790698,-27.258465,-1.0621682,-52.888275,-2.657783
-1.3650897,-65.07456,-1.2227058,-76.85153,-33.41433,-0.38256603,-28.246405,-1.1059983,-0.4752694,-3.779501,-2.4134989,-33.924038,-2.1509433,-52.09841,-3.2235413
-0.7996644,-28.33385,-0.56635046,-32.82321,-16.029692,-0.39747047,-12.968611,-0.88881034,-0.6839745,-2.1066482,-1.3423166,-15.160017,-1.2652606,-23.636015,-1.4177556
-0.8338514,-44.167034,-0.6582914,-52.606674,-21.301327,-0.3066281,-20.413708,-0.57911706,-0.5664385,-3.6600733,-2.5177946,-19.450003,-0.85146165,-37.297607,-1.8530728
-1.0354618,-43.41787,-1.0060966,-50.950096,-23.031078,-0.42107975,-19.300528,-1.0517609,-0.5848912,-2.8565712,-1.7641437,-23.222862,-1.5738225,-35.097847,-2.1468906
-0.74247634,-21.326378,-0.9923902,-24.759602,-12.364229,-0.5959651,-10.309269,-0.95034313,-0.74511534,-1.9942143,-1.073599,-12.786031,-1.0376554,-17.589935,-1.0164437
-0.6275581,-14.747349,-0.7056209,-16.765295,-9.393065,-0.5535859,-7.483773,-0.8730645,-0.7759923,-1.6186466,-0.89156353,-9.103094,-0.9151261,-12.669683,-0.71465194
-0.84807503,-30.218739,-1.0243771,-35.27403,-16.671211,-0.6417011,-13.903787,-0.9715699,-0.6811947,-2.3330588,-1.3532677,-17.00752,-1.2636803,-24.609764,-1.48295
-0.8688512,-30.19335,-1.2596955,-35.383522,-16.525738,-0.79936856,-13.989924,-0.9838358,-0.70367,-2.4144685,-1.3350911,-17.453865,-1.2523744,-24.354088,-1.4636908
-0.7562221,-23.592434,-0.95463735,-27.357697,-13.563774,-0.770828,-11.146746,-0.8979168,-0.7383404,-2.0291834,-1.1530758,-13.726765,-1.1322565,-19.439594,-1.1624708
-0.8432187,-31.197538,-0.90965354,-36.30681,-17.31505,-0.84508574,-14.171121,-0.88679516,-0.7002212,-2.2813246,-1.3959985,-17.189175,-1.3448207,-25.51619,-1.5707691
-0.8373382,-30.711529,-0.9199646,-35.740105,-17.069733,-0.90550596,-13.968952,-0.8713159,-0.720753,-2.2613726,-1.3778148,-16.982048,-1.3408818,-25.104221,-1.5448457
-0.8109763,-28.778685,-0.8890267,-33.453747,-16.155865,-0.91355634,-13.173894,-0.8524978,-0.74521863,-2.1739469,-1.3166164,-16.029778,-1.3024261,-23.599014,-1.4473548
-0.76160985,-25.24781,-0.80484134,-29.253918,-14.476503,-0.86629844,-11.728624,-0.83282924,-0.7766301,-2.0193648,-1.2065496,-14.247724,-1.2232149,-20.871754,-1.2622684
-0.80769944,-27.487617,-0.97553545,-32.054066,-15.42458,-0.9336556,-12.742396,-0.8588599,-0.79954195,-2.1833389,-1.2562553,-15.694681,-1.2662442,-22.454105,-1.3487881
-0.7327484,-21.085028,-0.95425534,-24.477676,-12.316778,-0.85804904,-10.1625805,-0.86875486,-0.8285592,-1.9443947,-1.053404,-12.669716,-1.0982004,-17.395086,-1.0115788
-0.88401955,-30.52446,-1.230874,-35.886627,-16.686932,-1.0051677,-14.144969,-0.94290394,-0.83753467,-2.4207747,-1.3114871,-17.758268,-1.3248901,-24.557169,-1.4559324
-0.8869448,-31.962381,-0.9955416,-37.453625,-17.559988,-0.890854,-14.617452,-0.9355302,-0.8035877,-2.363471,-1.3608809,-18.033136,-1.400513,-25.91804,-1.5531892
-0.70962095,-29.821095,-0.5422078,-35.205383,-15.459719,-0.6543533,-14.108909,-0.7038568,-0.7524675,-2.6313024,-1.7387614,-14.120737,-0.9272946,-25.415665,-1.2738012
-1.2801621,-59.906574,-1.1366383,-70.780716,-31.04261,-0.9150134,-26.059795,-1.117048,-0.6617096,-3.425304,-2.1485155,-31.859121,-2.1652164,-47.7989,-2.9510474
-0.8918235,-31.631647,-0.92990243,-37.049355,-17.458244,-0.73424935,-14.479235,-0.9835725,-0.73602724,-2.3033094,-1.3353016,-17.852718,-1.3991945,-25.706272,-1.5338492
-0.729101,-29.28885,-0.501938,-34.45941,-15.475558,-0.54500115,-13.794399,-0.7775505,-0.68416613,-2.491313,-1.6460501,-14.179554,-0.99020123,-24.914213,-1.2828981
-1.2367504,-56.625137,-0.9754474,-66.76105,-29.587002,-0.72937614,-24.676418,-1.1321038,-0.52422005,-3.2330503,-2.0672343,-29.965214,-2.0670915,-45.419773,-2.799827
-0.8825917,-30.741238,-0.90631557,-35.952694,-17.052538,-0.7044065,-14.11811,-0.9865785,-0.68393844,-2.2680664,-1.3232137,-17.332943,-1.3567066,-25.069323,-1.493327
-0.80991316,-28.58939,-0.6142994,-33.165363,-16.174717,-0.64320827,-13.110575,-0.86675906,-0.6760061,-2.1151462,-1.3462601,-15.58162,-1.2706552,-23.713987,-1.4040208
-1.0084695,-44.395905,-0.79835874,-52.008003,-23.649235,-0.8072769,-19.675064,-0.842964,-0.56223446,-2.8680809,-1.9246386,-23.289888,-1.5473864,-36.114822,-2.1574838
-0.66277266,-27.196259,-0.546933,-31.92423,-14.304083,-0.65243995,-13.032099,-0.6109289,-0.6786277,-2.5788922,-1.7588124,-12.867647,-0.7399937,-23.37331,-1.1323345
-0.92580414,-39.4467,-0.903857,-46.162476,-21.099773,-0.88439184,-17.741743,-0.7398868,-0.61400723,-2.804819,-1.8509893,-20.909428,-1.3219373,-32.17744,-1.8760345
-0.7169342,-21.120155,-0.9153433,-24.461405,-12.265952,-0.786467,-10.251158,-0.78717756,-0.72791415,-2.0376608,-1.1778401,-12.38918,-0.95782405,-17.584305,-0.97297215
-0.8331735,-28.30364,-1.1873062,-33.12854,-15.54052,-0.8862099,-13.323841,-0.83172625,-0.668543,-2.4451451,-1.3924574,-16.238514,-1.105926,-23.038622,-1.3089211
-0.97245026,-37.75202,-1.319717,-44.380703,-20.023394,-0.91525215,-17.216679,-0.87817943,-0.56856734,-2.8484628,-1.6451025,-20.888699,-1.3795907,-30.428295,-1.7897847
-0.9050089,-35.931328,-0.7117638,-41.812798,-19.60534,-0.64540714,-16.106636,-0.8373961,-0.546409,-2.4335046,-1.5288937,-18.85738,-1.5029835,-29.580755,-1.7948493
-1.2116554,-59.130142,-0.847196,-69.43923,-30.525148,-0.60696685,-25.60567,-0.9183066,-0.39404908,-3.3314373,-2.135735,-29.666986,-2.1609774,-47.966793,-2.968551
-0.9953662,-57.628445,-0.88085806,-68.78486,-27.212471,-0.4979247,-25.997736,-0.6311992,-0.4933198,-4.207338,-2.7381423,-25.435892,-1.3050964,-47.987434,-2.4962845
-0.9442594,-50.98536,-0.80701005,-60.700027,-24.538769,-0.48936397,-23.07914,-0.7434009,-0.60992867,-3.7226374,-2.377819,-22.951283,-1.2980547,-42.495564,-2.246653
-1.1076814,-45.84619,-1.090677,-53.840267,-24.243132,-0.65759355,-20.192692,-1.1473377,-0.690106,-2.7051516,-1.4931922,-24.589767,-1.9524224,-36.889313,-2.335943
-0.761118,-21.860397,-0.94148445,-25.396418,-12.65877,-0.6673679,-10.442385,-0.9630604,-0.800766,-1.9027754,-0.9869766,-13.0638485,-1.1547612,-17.982393,-1.0610211
-0.7712288,-23.683275,-0.92345095,-27.580715,-13.507069,-0.67686003,-11.165791,-0.95667636,-0.79731977,-1.997942,-1.0939445,-13.969491,-1.1509204,-19.378847,-1.1381654
-0.7950964,-26.792322,-0.91428256,-31.28489,-14.967581,-0.7159335,-12.436337,-0.9724107,-0.77114105,-2.178937,-1.2731361,-15.462785,-1.1584758,-21.793602,-1.2750642
-0.7505772,-25.689342,-0.7074604,-29.841955,-14.5605755,-0.6805623,-11.899848,-0.9316516,-0.74744,-2.1097128,-1.3266065,-14.503832,-1.1009037,-21.126978,-1.2271446
-0.78999245,-31.259214,-0.6024829,-36.400623,-17.267363,-0.7163546,-14.114419,-0.9355433,-0.695135,-2.3666825,-1.6186202,-16.95806,-1.1619481,-25.57858,-1.4942418
-0.78400004,-31.434202,-0.58400214,-36.61739,-17.343777,-0.7466799,-14.195421,-0.92974997,-0.68617165,-2.4243927,-1.6958566,-17.000332,-1.1133173,-25.728287,-1.4885861
-0.7791741,-31.484499,-0.5738606,-36.688118,-17.358875,-0.75622284,-14.226858,-0.9255498,-0.6676668,-2.4689703,-1.7536187,-16.999903,-1.0726601,-25.773748,-1.4791074
-0.7879139,-32.731255,-0.55932367,-38.176624,-17.949589,-0.753507,-14.738373,-0.9262511,-0.6307667,-2.5582023,-1.8499624,-17.564878,-1.061151,-26.760956,-1.5300452
-0.76679236,-29.852568,-0.580377,-34.772583,-16.57228,-0.7370399,-13.572847,-0.9194525,-0.65284956,-2.4271917,-1.72103,-16.236118,-1.0208374,-24.488613,-1.391208
-0.771701,-29.007362,-0.6450429,-33.81371,-16.133797,-0.7284037,-13.2538395,-0.92814416,-0.6826201,-2.399867,-1.6610262,-15.969105,-1.0172682,-23.763903,-1.3472519
-0.96301055,-42.40261,-0.9704635,-49.984623,-22.29469,-0.8296209,-18.836931,-1.0338577,-0.6170343,-3.1422458,-2.1734726,-23.061302,-1.2141685,-33.915028,-1.9537638
-0.7317236,-25.725237,-0.40060237,-29.720474,-14.780652,-0.53257024,-11.767369,-0.88262314,-0.69292974,-2.0782669,-1.4639676,-13.8843,-1.063894,-21.470945,-1.2396879
-0.6863705,-42.19892,-0.43722844,-50.553032,-19.646492,-0.5249203,-19.71761,-0.6241371,-0.69731045,-4.0620537,-2.9598918,-17.41319,-0.32775843,-35.926502,-1.5587313
-0.9462439,-38.87413,-0.81905955,-45.66779,-20.84555,-0.55824554,-17.252022,-0.94746304,-0.627594,-2.6947832,-1.7815219,-21.122133,-1.3871927,-31.362562,-1.8682431
-0.7520411,-21.072073,-0.9484198,-24.55738,-12.252111,-0.64705014,-10.124946,-0.92057955,-0.7680062,-1.9524109,-1.0666401,-12.824904,-1.0487633,-17.291204,-0.99128366
-0.84547555,-26.961039,-1.1320357,-31.69669,-14.981586,-0.6972029,-12.572239,-0.96419954,-0.75067556,-2.2073195,-1.1902373,-16.085258,-1.2092621,-21.71809,-1.2785459
-0.84740674,-26.31196,-1.2024612,-30.96682,-14.643161,-0.74319583,-12.335106,-0.98244333,-0.7697075,-2.1730313,-1.123327,-15.948839,-1.2090985,-21.132915,-1.2488494
-0.5752109,-11.030463,-0.75755095,-12.244953,-7.82135,-0.5453026,-5.6781807,-0.8333211,-0.8505425,-1.3150619,-0.81192315,-7.0248337,-0.83320844,-9.839779,-0.64682794
-1.082243,-46.451435,-1.0408843,-54.806103,-24.527954,-0.7228142,-20.303993,-1.0028555,-0.69973093,-2.7584004,-1.6800032,-25.539215,-1.7636458,-37.037292,-2.314809
-0.91310656,-31.139881,-1.3121037,-36.75821,-16.916609,-0.8457285,-14.32085,-0.99079466,-0.80767566,-2.3639672,-1.2466214,-18.598705,-1.3018935,-24.764381,-1.4898812
-0.7678501,-23.389294,-0.86690164,-27.223997,-13.475685,-0.7262664,-10.98986,-0.9002539,-0.82281274,-1.9265947,-1.0810946,-13.899148,-1.1359739,-19.152222,-1.1410308
-0.8032365,-29.2094,-0.6367564,-33.97581,-16.430653,-0.7060897,-13.21457,-0.87441945,-0.79777217,-2.0684786,-1.3171561,-16.276678,-1.266558,-23.923912,-1.4559761
-0.74424744,-25.234823,-0.59235317,-29.212425,-14.522146,-0.70357347,-11.609482,-0.86568344,-0.81940377,-1.9392421,-1.2355005,-14.220138,-1.145859,-20.85913,-1.2494693
-0.81119066,-29.786812,-0.7868429,-34.746483,-16.545286,-0.82023305,-13.556164,-0.9107172,-0.8117247,-2.2357264,-1.4198632,-16.81079,-1.1791778,-24.206448,-1.4417108
-0.79366744,-27.303371,-0.87254417,-31.84828,-15.264272,-0.8449888,-12.6167755,-0.928673,-0.8163059,-2.2129352,-1.3680174,-15.73922,-1.0859965,-22.178963,-1.2960386
-0.8056929,-29.140587,-0.78974235,-33.96683,-16.177017,-0.85098314,-13.328716,-0.9309069,-0.79390603,-2.2926302,-1.4839631,-16.429897,-1.0995492,-23.69722,-1.3851589
-0.903114,-39.08277,-0.6862887,-45.69474,-20.97025,-0.8997679,-17.304941,-0.9538222,-0.7340283,-2.7181892,-1.9210014,-20.992687,-1.2537156,-31.564152,-1.869565
-0.8795402,-39.75574,-0.3935273,-46.287766,-21.466238,-0.7899373,-17.420914,-0.9224086,-0.67638254,-2.668283,-2.0112703,-20.66623,-1.2761838,-32.398724,-1.9247079
-1.0461357,-55.032078,-0.43062028,-64.445526,-28.676762,-0.88666373,-23.604448,-0.99140656,-0.5570749,-3.411096,-2.663427,-28.034216,-1.4613224,-44.298206,-2.6424863
-1.0361805,-55.289867,-0.3359828,-64.68699,-28.834135,-0.82239825,-23.652752,-0.992175,-0.5101129,-3.4132304,-2.6985903,-27.894009,-1.4438152,-44.61474,-2.6566777
-0.78636855,-57.67334,-0.257879,-68.7909,-26.908457,-0.82274675,-25.834116,-0.8312805,-0.6123356,-4.7120175,-3.654337,-24.311274,-0.4615636,-48.19419,-2.290247
-1.1146622,-63.45406,-0.32610315,-74.38582,-32.669807,-0.7810334,-26.935793,-1.0297618,-0.45032525,-3.8042614,-3.0185232,-31.65206,-1.5599816,-51.050537,-3.0411384
-0.99942666,-51.942802,-0.40661883,-60.774334,-27.164627,-0.6870981,-22.342442,-1.0004685,-0.539622,-3.2893033,-2.5054266,-26.274683,-1.4196861,-41.99518,-2.4907
-1.007061,-52.531662,-0.4299432,-61.495697,-27.449408,-0.64603627,-22.601397,-1.0071182,-0.555763,-3.2514777,-2.4771252,-26.583874,-1.4848728,-42.45481,-2.529306
-1.0112393,-52.440514,-0.45475078,-61.42044,-27.416529,-0.6251269,-22.591276,-0.9174208,-0.61147344,-3.172438,-2.4007514,-26.599607,-1.5639741,-42.376915,-2.5403671
-1.016182,-51.919838,-0.47243965,-60.831486,-27.184704,-0.6170816,-22.400213,-0.8407538,-0.6658733,-3.07781,-2.3108032,-26.410173,-1.6341813,-41.946396,-2.5308235
-1.0057704,-50.333263,-0.4736293,-58.964157,-26.454649,-0.63466483,-21.76786,-0.77772987,-0.7162163,-2.9453456,-2.1931424,-25.685978,-1.6745903,-40.69564,-2.4691536
-1.008315,-50.078903,-0.48118752,-58.683537,-26.3545,-0.63185215,-21.67626,-0.7383124,-0.7729572,-2.8845646,-2.134878,-25.622257,-1.7290896,-40.47844,-2.4703646
-1.0161313,-50.54661,-0.48165816,-59.2547,-26.603878,-0.6150833,-21.871479,-0.7165358,-0.8169817,-2.8633668,-2.114334,-25.899654,-1.787112,-40.796505,-2.506226
-1.0174165,-50.720654,-0.4787621,-59.46716,-26.718332,-0.5737345,-21.939606,-0.7084681,-0.85977376,-2.838256,-2.095433,-26.014683,-1.8271487,-40.900112,-2.5263817
-1.014964,-50.19819,-0.47059292,-58.8458,-26.494207,-0.5504439,-21.7222,-0.71949315,-0.86935663,-2.8068306,-2.0202656,-25.78393,-1.8229834,-40.470478,-2.5070019
-1.0266738,-50.71815,-0.4807089,-59.46342,-26.7406,-0.5429252,-21.922642,-0.75570667,-0.8693917,-2.8130772,-1.9918406,-26.102903,-1.8354602,-40.829693,-2.5385501
-1.0356317,-51.335194,-0.48066622,-60.19006,-27.0369,-0.53262734,-22.156586,-0.79624385,-0.8547201,-2.829414,-1.982237,-26.44602,-1.8418682,-41.279575,-2.5730624
-1.0297561,-50.99619,-0.466725,-59.77104,-26.881598,-0.49639803,-21.997036,-0.83927244,-0.8432187,-2.8160853,-1.9610683,-26.294847,-1.8195732,-41.004913,-2.5578892
-1.0388229,-51.616074,-0.45256704,-60.492348,-27.18281,-0.4579426,-22.226713,-0.8870465,-0.8250116,-2.8525143,-1.9905398,-26.6012,-1.8093235,-41.48644,-2.5875604
-1.0348215,-50.97038,-0.41683292,-59.69432,-26.891266,-0.40436167,-21.937227,-0.9284625,-0.7668145,-2.844856,-2.0026734,-26.24237,-1.7640032,-41.014317,-2.5533266
-1.0420067,-51.095993,-0.4080854,-59.817604,-26.98249,-0.38031042,-21.9616,-0.97745574,-0.70779705,-2.8734808,-2.0450976,-26.324059,-1.7417414,-41.11033,-2.5581062
-1.0537755,-51.999,-0.4003802,-60.868084,-27.439486,-0.31952405,-22.303722,-1.022898,-0.6520243,-2.9396434,-2.123304,-26.774757,-1.7326496,-41.81914,-2.599121
-0.86368537,-51.02225,-0.33412474,-60.49427,-25.06139,-0.27926755,-22.650654,-0.896012,-0.7145424,-3.701877,-2.6418426,-23.30496,-1.036041,-42.173203,-2.240102
-0.80530703,-47.74501,-0.3513412,-56.69559,-23.260773,-0.29176062,-21.418024,-0.88893443,-0.71073925,-3.6990347,-2.6298256,-21.375599,-0.87347955,-39.738216,-2.0347579
-0.9741207,-44.32807,-0.5374563,-51.80123,-23.713518,-0.4097244,-19.249836,-1.0725762,-0.5833508,-2.7840128,-2.0040498,-23.30873,-1.4972442,-35.742764,-2.1851122
-0.8398815,-32.67339,-0.5843301,-38.002625,-18.05881,-0.5507701,-14.604127,-1.0253963,-0.65147233,-2.3596447,-1.62903,-17.679634,-1.2344712,-26.654522,-1.5914721
-0.84118503,-32.58683,-0.5881503,-37.905743,-17.993124,-0.6178411,-14.583806,-1.0233618,-0.64258194,-2.3852801,-1.6654881,-17.593668,-1.2146554,-26.614723,-1.5778341
-0.8389803,-32.48448,-0.59335154,-37.796177,-17.915232,-0.69133073,-14.561513,-1.0106845,-0.64532316,-2.4033241,-1.6848458,-17.504917,-1.2025645,-26.547167,-1.5647079
-0.83313394,-32.043404,-0.6166597,-37.283157,-17.678608,-0.7660789,-14.400543,-0.997906,-0.65949607,-2.404141,-1.6881356,-17.25806,-1.1852999,-26.213417,-1.5359825
-0.8297181,-31.684969,-0.6481203,-36.87503,-17.477287,-0.82336676,-14.276552,-0.98958766,-0.68870586,-2.4100127,-1.6896235,-17.082787,-1.1699023,-25.929405,-1.511214
-0.8791909,-35.04316,-0.7940751,-40.9586,-18.942667,-0.94647336,-15.711859,-1.0146179,-0.6982574,-2.6254482,-1.8293498,-18.920103,-1.2099577,-28.43468,-1.6536764
-0.9291639,-39.36376,-0.80202395,-46.097546,-20.977806,-0.9749593,-17.460186,-1.0388389,-0.67417514,-2.8150287,-1.9948039,-21.016108,-1.2919464,-31.800823,-1.8641487
-0.90874565,-39.53427,-0.49774832,-46.094463,-21.274715,-0.8191495,-17.36598,-1.0063243,-0.6919452,-2.6849291,-2.00688,-20.545973,-1.3410985,-32.219376,-1.9139956
-1.0433524,-51.445553,-0.4191829,-60.18711,-27.005306,-0.7442284,-22.126093,-1.0593905,-0.67902994,-3.1583478,-2.4648395,-26.159367,-1.5840309,-41.58828,-2.5093348
-0.7906041,-47.641037,-0.37041277,-56.680992,-22.805065,-0.66025937,-21.540283,-0.8829845,-0.8785627,-3.93889,-2.8760433,-20.65429,-0.7200491,-39.92393,-1.9514575
-0.75307757,-40.780872,-0.3648374,-48.33655,-19.985203,-0.5531199,-18.593369,-0.89209336,-0.8904142,-3.4580812,-2.4861236,-18.04405,-0.73935884,-34.31222,-1.688763
-1.0222331,-44.96483,-0.7969756,-52.737206,-23.68983,-0.5653711,-19.69712,-1.1273339,-0.82107365,-3.003709,-2.1132631,-23.992704,-1.436348,-36.039833,-2.1608052
-0.91395164,-34.30259,-0.94686437,-40.17897,-18.509096,-0.63299423,-15.475209,-1.0995723,-0.8603555,-2.6071095,-1.6848875,-19.17661,-1.2133735,-27.554096,-1.6209056
-0.8468168,-32.76821,-0.4891249,-38.038612,-18.1149,-0.4889266,-14.577877,-1.0229902,-0.8387296,-2.3511488,-1.6632344,-17.521458,-1.2369003,-26.820742,-1.6007704
-0.8531809,-47.4309,-0.28474665,-56.007294,-23.608757,-0.4600315,-20.989208,-0.9560073,-0.9240344,-3.5661335,-2.638691,-21.694565,-0.98471946,-39.35093,-2.080635
-0.8820909,-43.30308,-0.2960698,-50.75353,-22.489338,-0.5038739,-18.949297,-0.989701,-0.8629543,-3.0569196,-2.2644641,-20.994326,-1.1799424,-35.67063,-2.008451
-0.98485893,-43.165768,-0.6164834,-50.459312,-23.032907,-0.6503768,-18.691051,-1.088103,-0.8348148,-2.8566856,-2.026294,-22.812199,-1.406388,-34.799465,-2.0907762
-0.82398945,-29.141178,-0.64893186,-33.841908,-16.292412,-0.6866713,-13.105089,-1.0157088,-0.8292455,-2.2743337,-1.4995809,-16.073692,-1.1325446,-23.841354,-1.3976014
-0.90969956,-35.74255,-0.7541681,-41.750637,-19.376705,-0.75708866,-15.791984,-1.0633543,-0.7604677,-2.605801,-1.7461123,-19.464445,-1.2406611,-28.893032,-1.7059485
-0.952628,-39.669098,-0.7864126,-46.425083,-21.24338,-0.79519325,-17.382313,-1.0818939,-0.6876218,-2.785705,-1.9080791,-21.367142,-1.3093207,-31.95742,-1.8937585
-0.92621166,-40.233284,-0.5321282,-46.91446,-21.70219,-0.73679554,-17.492292,-1.0396693,-0.63134617,-2.7020617,-1.9696528,-21.067177,-1.3500831,-32.690567,-1.951502
-1.0474133,-52.023277,-0.51748514,-60.888084,-27.36956,-0.8066461,-22.215708,-1.0852704,-0.5283649,-3.1990771,-2.4472828,-26.637241,-1.5724115,-41.958946,-2.529032
-0.9586122,-49.229485,-0.46707678,-57.751152,-25.566181,-0.8288168,-21.315834,-1.0260118,-0.52240473,-3.2589166,-2.4872005,-24.371326,-1.3602393,-40.12881,-2.3193219
-0.9034933,-46.73718,-0.49325603,-54.94804,-24.037622,-0.8351765,-20.498816,-0.994203,-0.5282841,-3.2890747,-2.481586,-22.71271,-1.2073324,-38.342674,-2.1449237
-1.0298442,-48.7994,-0.7481342,-57.225925,-25.665606,-0.8926085,-21.164103,-1.0898085,-0.48323953,-3.1503448,-2.3527102,-25.457811,-1.4908938,-39.25278,-2.347831
-0.9799185,-43.762005,-0.7465975,-51.259926,-23.242023,-0.84190464,-19.181747,-1.067729,-0.54547894,-2.9364076,-2.157206,-23.07239,-1.3984498,-35.29367,-2.1032186
-0.9519422,-42.866608,-0.5009304,-50.03042,-22.988066,-0.69005394,-18.72231,-1.0251836,-0.5635179,-2.7920039,-2.144673,-22.14766,-1.4151669,-34.841347,-2.0919793
-1.0371423,-50.457077,-0.48105305,-59.010124,-26.656755,-0.59505403,-21.789879,-1.0503445,-0.5448178,-3.0927958,-2.4506006,-25.691017,-1.5690377,-40.82419,-2.4727273
-0.7787405,-47.973354,-0.48961753,-57.188396,-22.829699,-0.62141764,-21.901411,-0.8857784,-0.72557414,-4.008149,-2.9930038,-20.540186,-0.6528065,-40.284416,-1.9369028
-0.7458922,-42.127014,-0.5150252,-50.08536,-20.411217,-0.5872761,-19.38133,-0.88637435,-0.7470163,-3.58128,-2.6579475,-18.33157,-0.66915774,-35.496197,-1.710608
-1.023508,-44.88619,-0.94921684,-52.688908,-23.733084,-0.69066113,-19.728514,-1.0947802,-0.6603608,-2.9216166,-2.1394866,-24.03058,-1.4384656,-35.963535,-2.158343
-0.91953206,-34.51941,-1.0636573,-40.467407,-18.69663,-0.7893446,-15.573889,-1.0693395,-0.7187888,-2.5216553,-1.703291,-19.361778,-1.2316296,-27.708689,-1.636023
-0.85434866,-32.75443,-0.6413819,-38.09167,-18.183563,-0.67551905,-14.613741,-0.9978139,-0.69059926,-2.2485971,-1.6536362,-17.712564,-1.2575064,-26.754902,-1.6040466
-1.0401881,-50.3524,-0.60551614,-58.944904,-26.768328,-0.7231952,-21.598835,-1.064337,-0.5828557,-2.8611562,-2.2812614,-26.187801,-1.6360722,-40.54779,-2.4911256
-1.0512753,-51.54105,-0.61545736,-60.35939,-27.352888,-0.77215093,-22.05283,-1.0358474,-0.5725603,-2.9141788,-2.3071604,-26.774515,-1.6544703,-41.48184,-2.548793
-0.89060205,-47.143997,-0.47999424,-55.568737,-24.15741,-0.83879143,-20.68868,-0.90454465,-0.6206641,-3.2085004,-2.4247775,-22.746136,-1.1949899,-38.75306,-2.1589403
-0.9521989,-44.459846,-0.52503383,-51.89305,-23.921295,-0.77302694,-19.185987,-0.94983923,-0.6070566,-2.7034636,-2.0778077,-23.05245,-1.4745873,-36.074715,-2.189369
-1.0013278,-46.949303,-0.827669,-55.049217,-24.84827,-0.9063486,-20.357697,-0.98981225,-0.5796373,-2.9907227,-2.1717153,-24.76696,-1.4499286,-37.736736,-2.263199
-0.7486154,-25.708569,-0.5424289,-29.681005,-14.750102,-0.7135185,-11.75144,-0.90519834,-0.7028442,-2.0679946,-1.4162867,-13.997696,-1.057022,-21.38358,-1.2316898
-1.0531855,-52.395126,-0.90076727,-61.585182,-27.227861,-0.8801224,-22.663084,-1.0227439,-0.5471481,-3.4150226,-2.4512773,-27.358109,-1.4636433,-41.946922,-2.45808
-0.8192282,-33.14201,-0.5304947,-38.507954,-18.219204,-0.6590785,-14.778876,-0.93703693,-0.66837835,-2.4734647,-1.7491634,-17.44662,-1.1542892,-27.223148,-1.5612633
-0.7777553,-47.63575,-0.38594878,-56.512558,-23.153744,-0.7621905,-21.366165,-0.83224654,-0.58449197,-3.957591,-2.8407168,-21.033241,-0.7531481,-39.773964,-1.9409301
-0.9270673,-44.092915,-0.4967118,-51.428547,-23.458595,-0.53757256,-19.175562,-1.005089,-0.581763,-2.9705076,-2.2293413,-22.393234,-1.3587015,-35.91185,-2.089077
-1.0811183,-53.20231,-1.0396428,-62.576843,-27.431564,-0.6673192,-23.127296,-1.0773089,-0.5329636,-3.594697,-2.5633163,-27.725752,-1.4758933,-42.53329,-2.4713156
-0.8456489,-33.553947,-0.66004324,-39.030846,-18.335064,-0.5888628,-15.027173,-0.9472562,-0.64294887,-2.5404863,-1.7892642,-17.748062,-1.1791794,-27.476463,-1.5839295
-1.0384399,-51.430237,-0.71948576,-60.208847,-26.899446,-0.5743273,-22.217365,-0.97630024,-0.47126764,-3.2608438,-2.5043435,-26.201267,-1.5244613,-41.50315,-2.4665668
-1.0501533,-51.31736,-0.7664606,-60.087128,-26.86977,-0.62615174,-22.172667,-0.97836936,-0.45066893,-3.185732,-2.4777179,-26.249165,-1.5380688,-41.37527,-2.4804034
-0.8837623,-49.787556,-0.6604584,-59.019188,-24.46158,-0.8292125,-22.200531,-0.85819435,-0.54255736,-3.7774873,-2.807679,-22.914642,-0.96948546,-41.113266,-2.157342
-0.8350439,-45.319866,-0.60046196,-53.726295,-22.346218,-0.8817622,-20.390442,-0.8643299,-0.6187666,-3.5469565,-2.6168332,-20.769058,-0.8975919,-37.631878,-1.9525352
-0.9270832,-38.133896,-0.6600357,-44.432083,-20.752169,-0.7378507,-16.80088,-1.018646,-0.6891485,-2.459968,-1.8741508,-20.28519,-1.3619801,-30.954323,-1.8924631
-0.8382883,-28.855452,-0.7925267,-33.562218,-16.163792,-0.7932937,-13.165283,-1.0276709,-0.7794915,-2.1721284,-1.4978303,-16.196121,-1.1511577,-23.516476,-1.40791
