"[-1, -1, -96, 4, 0]","[-1, -1, -96, 4, 0]","[-1, -1, -96, 4, 0]","[-1, -1, -96, 4, 0]"
"[-1, -1, -96, 2, 0]","[-1, -1, -96, 4, 0]","[-1, -1, -96, 4, 0]","[-1, -1, -96, 4, 0]"
"[-1, -1, -96, 2, 1]","[-1, -1, -96, 2, 0]","[-1, -1, -96, 4, 0]","[-1, -1, -96, 4, 0]"
"[-1, -1, -96, 2, 2]","[-1, -1, -96, 2, 1]","[-1, -1, -96, 2, 0]","[-1, -1, -96, 4, 0]"
"[-1, -1, -96, 2, 3]","[-1, -1, -96, 2, 2]","[-1, -1, -96, 2, 1]","[-1, -1, -96, 2, 0]"
"[-1, -1, -96, 2, 3]","[-1, -1, -96, 2, 3]","[-1, -1, -96, 2, 2]","[-1, -1, -96, 2, 1]"
"[-1, -1, -96, 2, 4]","[-1, -1, -96, 2, 3]","[-1, -1, -96, 2, 3]","[-1, -1, -96, 2, 2]"
"[20, 209, -96, 2, 5]","[-1, -1, -96, 2, 4]","[-1, -1, -96, 2, 3]","[-1, -1, -96, 2, 3]"
"[20, 209, -96, 2, 5]","[20, 209, -96, 2, 5]","[-1, -1, -96, 2, 4]","[-1, -1, -96, 2, 3]"
"[20, 209, -96, 2, 6]","[20, 209, -96, 2, 5]","[20, 209, -96, 2, 5]","[-1, -1, -96, 2, 4]"
"[20, 209, -76, 2, 6]","[20, 209, -96, 2, 6]","[20, 209, -96, 2, 5]","[20, 209, -96, 2, 5]"
"[20, 209, -76, 2, 7]","[20, 209, -76, 2, 6]","[20, 209, -96, 2, 6]","[20, 209, -96, 2, 5]"
"[20, 209, -76, 2, 7]","[20, 209, -76, 2, 7]","[20, 209, -76, 2, 6]","[20, 209, -96, 2, 6]"
"[20, 209, -51, 2, 8]","[20, 209, -76, 2, 7]","[20, 209, -76, 2, 7]","[20, 209, -76, 2, 6]"
"[20, 209, -51, 4, 8]","[20, 209, -51, 2, 8]","[20, 209, -76, 2, 7]","[20, 209, -76, 2, 7]"
"[50, 209, -16, 4, 9]","[20, 209, -51, 4, 8]","[20, 209, -51, 2, 8]","[20, 209, -76, 2, 7]"
"[50, 209, -16, 4.5, 9]","[50, 209, -16, 4, 9]","[20, 209, -51, 4, 8]","[20, 209, -51, 2, 8]"
"[50, 209, -16, 4.5, 9]","[50, 209, -16, 4.5, 9]","[50, 209, -16, 4, 9]","[20, 209, -51, 4, 8]"
"[49, 209, 7, 4.5, 9]","[50, 209, -16, 4.5, 9]","[50, 209, -16, 4.5, 9]","[50, 209, -16, 4, 9]"
"[49, 209, 7, 4.5, 9]","[49, 209, 7, 4.5, 9]","[50, 209, -16, 4.5, 9]","[50, 209, -16, 4.5, 9]"
"[49, 209, 7, 4.5, 9]","[49, 209, 7, 4.5, 9]","[49, 209, 7, 4.5, 9]","[50, 209, -16, 4.5, 9]"
"[128, 209, 29, 4.5, 9]","[49, 209, 7, 4.5, 9]","[49, 209, 7, 4.5, 9]","[49, 209, 7, 4.5, 9]"
"[128, 209, 29, 4.5, 9]","[128, 209, 29, 4.5, 9]","[49, 209, 7, 4.5, 9]","[49, 209, 7, 4.5, 9]"
"[128, 209, 29, 4.5, 8]","[128, 209, 29, 4.5, 9]","[128, 209, 29, 4.5, 9]","[49, 209, 7, 4.5, 9]"
"[209, 187, 46, 4.5, 8]","[128, 209, 29, 4.5, 8]","[128, 209, 29, 4.5, 9]","[128, 209, 29, 4.5, 9]"
"[209, 88, 56, 4.5, 8]","[209, 187, 46, 4.5, 8]","[128, 209, 29, 4.5, 8]","[128, 209, 29, 4.5, 9]"
"[209, 88, 56, 3.5, 7]","[209, 88, 56, 4.5, 8]","[209, 187, 46, 4.5, 8]","[128, 209, 29, 4.5, 8]"
"[209, 88, 56, 3.5, 7]","[209, 88, 56, 3.5, 7]","[209, 88, 56, 4.5, 8]","[209, 187, 46, 4.5, 8]"
"[209, 88, 62, 3.5, 7]","[209, 88, 56, 3.5, 7]","[209, 88, 56, 3.5, 7]","[209, 88, 56, 4.5, 8]"
"[209, 88, 62, 2, 6]","[209, 88, 62, 3.5, 7]","[209, 88, 56, 3.5, 7]","[209, 88, 56, 3.5, 7]"
"[209, 88, 62, 2, 6]","[209, 88, 62, 2, 6]","[209, 88, 62, 3.5, 7]","[209, 88, 56, 3.5, 7]"
"[209, 21, 55, 2, 5]","[209, 88, 62, 2, 6]","[209, 88, 62, 2, 6]","[209, 88, 62, 3.5, 7]"
"[209, 21, 55, 3.5, 5]","[209, 21, 55, 2, 5]","[209, 88, 62, 2, 6]","[209, 88, 62, 2, 6]"
"[209, 21, 55, 3.5, 4]","[209, 21, 55, 3.5, 5]","[209, 21, 55, 2, 5]","[209, 88, 62, 2, 6]"
"[209, 92, 39, 3.5, 4]","[209, 21, 55, 3.5, 4]","[209, 21, 55, 3.5, 5]","[209, 21, 55, 2, 5]"
"[209, 92, 39, 4.5, 4]","[209, 92, 39, 3.5, 4]","[209, 21, 55, 3.5, 4]","[209, 21, 55, 3.5, 5]"
"[209, 22, 27, 4.5, 3]","[209, 92, 39, 4.5, 4]","[209, 92, 39, 3.5, 4]","[209, 21, 55, 3.5, 4]"
"[209, 22, 27, 4.5, 3]","[209, 22, 27, 4.5, 3]","[209, 92, 39, 4.5, 4]","[209, 92, 39, 3.5, 4]"
"[209, 22, 27, 4.5, 3]","[209, 22, 27, 4.5, 3]","[209, 22, 27, 4.5, 3]","[209, 92, 39, 4.5, 4]"
"[209, 38, 14, 4.5, 3]","[209, 22, 27, 4.5, 3]","[209, 22, 27, 4.5, 3]","[209, 22, 27, 4.5, 3]"
"[209, 38, 14, 4.5, 3]","[209, 38, 14, 4.5, 3]","[209, 22, 27, 4.5, 3]","[209, 22, 27, 4.5, 3]"
"[209, 38, 0, 4.5, 3]","[209, 38, 14, 4.5, 3]","[209, 38, 14, 4.5, 3]","[209, 22, 27, 4.5, 3]"
"[209, 38, 0, 4.5, 3]","[209, 38, 0, 4.5, 3]","[209, 38, 14, 4.5, 3]","[209, 38, 14, 4.5, 3]"
"[209, 38, 0, 4.5, 3]","[209, 38, 0, 4.5, 3]","[209, 38, 0, 4.5, 3]","[209, 38, 14, 4.5, 3]"
"[209, 92, -23, 4.5, 3]","[209, 38, 0, 4.5, 3]","[209, 38, 0, 4.5, 3]","[209, 38, 0, 4.5, 3]"
"[209, 92, -23, 4.5, 3]","[209, 92, -23, 4.5, 3]","[209, 38, 0, 4.5, 3]","[209, 38, 0, 4.5, 3]"
"[209, 92, -23, 4.5, 3]","[209, 92, -23, 4.5, 3]","[209, 92, -23, 4.5, 3]","[209, 38, 0, 4.5, 3]"
"[206, 209, -38, 4.5, 3]","[209, 92, -23, 4.5, 3]","[209, 92, -23, 4.5, 3]","[209, 92, -23, 4.5, 3]"
"[206, 209, -38, 4.5, 4]","[206, 209, -38, 4.5, 3]","[209, 92, -23, 4.5, 3]","[209, 92, -23, 4.5, 3]"
"[206, 209, -38, 4.5, 4]","[206, 209, -38, 4.5, 4]","[206, 209, -38, 4.5, 3]","[209, 92, -23, 4.5, 3]"
"[102, 209, -39, 4.5, 4]","[206, 209, -38, 4.5, 4]","[206, 209, -38, 4.5, 4]","[206, 209, -38, 4.5, 3]"
"[34, 209, -31, 4.5, 5]","[102, 209, -39, 4.5, 4]","[206, 209, -38, 4.5, 4]","[206, 209, -38, 4.5, 4]"
"[34, 209, -31, 4.5, 5]","[34, 209, -31, 4.5, 5]","[102, 209, -39, 4.5, 4]","[206, 209, -38, 4.5, 4]"
"[34, 209, -31, 4.5, 5]","[34, 209, -31, 4.5, 5]","[34, 209, -31, 4.5, 5]","[102, 209, -39, 4.5, 4]"
"[34, 209, -31, 4.5, 5]","[34, 209, -31, 4.5, 5]","[34, 209, -31, 4.5, 5]","[34, 209, -31, 4.5, 5]"
"[29, 209, -15, 4.5, 6]","[34, 209, -31, 4.5, 5]","[34, 209, -31, 4.5, 5]","[34, 209, -31, 4.5, 5]"
"[29, 209, -15, 4.5, 6]","[29, 209, -15, 4.5, 6]","[34, 209, -31, 4.5, 5]","[34, 209, -31, 4.5, 5]"
"[64, 209, 9, 4.5, 6]","[29, 209, -15, 4.5, 6]","[29, 209, -15, 4.5, 6]","[34, 209, -31, 4.5, 5]"
"[64, 209, 9, 4.5, 6]","[64, 209, 9, 4.5, 6]","[29, 209, -15, 4.5, 6]","[29, 209, -15, 4.5, 6]"
"[64, 209, 9, 4.5, 6]","[64, 209, 9, 4.5, 6]","[64, 209, 9, 4.5, 6]","[29, 209, -15, 4.5, 6]"
"[136, 209, 24, 4.5, 6]","[64, 209, 9, 4.5, 6]","[64, 209, 9, 4.5, 6]","[64, 209, 9, 4.5, 6]"
"[136, 209, 24, 4.5, 5]","[136, 209, 24, 4.5, 6]","[64, 209, 9, 4.5, 6]","[64, 209, 9, 4.5, 6]"
"[136, 209, 24, 4.5, 5]","[136, 209, 24, 4.5, 5]","[136, 209, 24, 4.5, 6]","[64, 209, 9, 4.5, 6]"
"[209, 175, 36, 4.5, 5]","[136, 209, 24, 4.5, 5]","[136, 209, 24, 4.5, 5]","[136, 209, 24, 4.5, 6]"
"[209, 175, 36, 4.5, 5]","[209, 175, 36, 4.5, 5]","[136, 209, 24, 4.5, 5]","[136, 209, 24, 4.5, 5]"
"[209, 107, 47, 4.5, 4]","[209, 175, 36, 4.5, 5]","[209, 175, 36, 4.5, 5]","[136, 209, 24, 4.5, 5]"
"[209, 107, 47, 4, 4]","[209, 107, 47, 4.5, 4]","[209, 175, 36, 4.5, 5]","[209, 175, 36, 4.5, 5]"
"[209, 107, 54, 4, 4]","[209, 107, 47, 4, 4]","[209, 107, 47, 4.5, 4]","[209, 175, 36, 4.5, 5]"
"[209, 107, 54, 3.5, 4]","[209, 107, 54, 4, 4]","[209, 107, 47, 4, 4]","[209, 107, 47, 4.5, 4]"
"[209, 107, 54, 3.5, 3]","[209, 107, 54, 3.5, 4]","[209, 107, 54, 4, 4]","[209, 107, 47, 4, 4]"
"[209, 26, 51, 3.5, 3]","[209, 107, 54, 3.5, 3]","[209, 107, 54, 3.5, 4]","[209, 107, 54, 4, 4]"
"[209, 26, 51, 4, 2]","[209, 26, 51, 3.5, 3]","[209, 107, 54, 3.5, 3]","[209, 107, 54, 3.5, 4]"
"[209, 26, 51, 4, 2]","[209, 26, 51, 4, 2]","[209, 26, 51, 3.5, 3]","[209, 107, 54, 3.5, 3]"
"[209, 24, 39, 4, 2]","[209, 26, 51, 4, 2]","[209, 26, 51, 4, 2]","[209, 26, 51, 3.5, 3]"
"[209, 24, 39, 4.5, 1]","[209, 24, 39, 4, 2]","[209, 26, 51, 4, 2]","[209, 26, 51, 4, 2]"
"[209, 24, 39, 4.5, 1]","[209, 24, 39, 4.5, 1]","[209, 24, 39, 4, 2]","[209, 26, 51, 4, 2]"
"[209, 20, 24, 4.5, 1]","[209, 24, 39, 4.5, 1]","[209, 24, 39, 4.5, 1]","[209, 24, 39, 4, 2]"
"[209, 36, 6, 4.5, 0]","[209, 20, 24, 4.5, 1]","[209, 24, 39, 4.5, 1]","[209, 24, 39, 4.5, 1]"
"[209, 36, 6, 4.5, 0]","[209, 36, 6, 4.5, 0]","[209, 20, 24, 4.5, 1]","[209, 24, 39, 4.5, 1]"
"[209, 36, 6, 4.5, 0]","[209, 36, 6, 4.5, 0]","[209, 36, 6, 4.5, 0]","[209, 20, 24, 4.5, 1]"
"[209, 102, -14, 4.5, 0]","[209, 36, 6, 4.5, 0]","[209, 36, 6, 4.5, 0]","[209, 36, 6, 4.5, 0]"
"[209, 102, -14, 4.5, 0]","[209, 102, -14, 4.5, 0]","[209, 36, 6, 4.5, 0]","[209, 36, 6, 4.5, 0]"
"[209, 102, -14, 4.5, 1]","[209, 102, -14, 4.5, 0]","[209, 102, -14, 4.5, 0]","[209, 36, 6, 4.5, 0]"
"[209, 183, -30, 4.5, 1]","[209, 102, -14, 4.5, 1]","[209, 102, -14, 4.5, 0]","[209, 102, -14, 4.5, 0]"
"[209, 183, -30, 4.5, 1]","[209, 183, -30, 4.5, 1]","[209, 102, -14, 4.5, 1]","[209, 102, -14, 4.5, 0]"
"[146, 209, -41, 4.5, 1]","[209, 183, -30, 4.5, 1]","[209, 183, -30, 4.5, 1]","[209, 102, -14, 4.5, 1]"
"[146, 209, -41, 4.5, 1]","[146, 209, -41, 4.5, 1]","[209, 183, -30, 4.5, 1]","[209, 183, -30, 4.5, 1]"
"[146, 209, -41, 4.5, 2]","[146, 209, -41, 4.5, 1]","[146, 209, -41, 4.5, 1]","[209, 183, -30, 4.5, 1]"
"[146, 209, -41, 4.5, 2]","[146, 209, -41, 4.5, 2]","[146, 209, -41, 4.5, 1]","[146, 209, -41, 4.5, 1]"
"[73, 209, -42, 4.5, 2]","[146, 209, -41, 4.5, 2]","[146, 209, -41, 4.5, 2]","[146, 209, -41, 4.5, 1]"
"[23, 209, -36, 4.5, 3]","[73, 209, -42, 4.5, 2]","[146, 209, -41, 4.5, 2]","[146, 209, -41, 4.5, 2]"
"[23, 209, -36, 4.5, 3]","[23, 209, -36, 4.5, 3]","[73, 209, -42, 4.5, 2]","[146, 209, -41, 4.5, 2]"
"[23, 209, -36, 4.5, 3]","[23, 209, -36, 4.5, 3]","[23, 209, -36, 4.5, 3]","[73, 209, -42, 4.5, 2]"
"[22, 209, -31, 4.5, 3]","[23, 209, -36, 4.5, 3]","[23, 209, -36, 4.5, 3]","[23, 209, -36, 4.5, 3]"
"[22, 209, -31, 4.5, 3]","[22, 209, -31, 4.5, 3]","[23, 209, -36, 4.5, 3]","[23, 209, -36, 4.5, 3]"
"[22, 209, -31, 4.5, 4]","[22, 209, -31, 4.5, 3]","[22, 209, -31, 4.5, 3]","[23, 209, -36, 4.5, 3]"
"[44, 209, -2, 4.5, 4]","[22, 209, -31, 4.5, 4]","[22, 209, -31, 4.5, 3]","[22, 209, -31, 4.5, 3]"
"[44, 209, -2, 4.5, 4]","[44, 209, -2, 4.5, 4]","[22, 209, -31, 4.5, 4]","[22, 209, -31, 4.5, 3]"
"[66, 209, 9, 4.5, 4]","[44, 209, -2, 4.5, 4]","[44, 209, -2, 4.5, 4]","[22, 209, -31, 4.5, 4]"
"[66, 209, 9, 4.5, 4]","[66, 209, 9, 4.5, 4]","[44, 209, -2, 4.5, 4]","[44, 209, -2, 4.5, 4]"
"[66, 209, 9, 4.5, 4]","[66, 209, 9, 4.5, 4]","[66, 209, 9, 4.5, 4]","[44, 209, -2, 4.5, 4]"
"[196, 209, 32, 4.5, 4]","[66, 209, 9, 4.5, 4]","[66, 209, 9, 4.5, 4]","[66, 209, 9, 4.5, 4]"
"[196, 209, 32, 4.5, 3]","[196, 209, 32, 4.5, 4]","[66, 209, 9, 4.5, 4]","[66, 209, 9, 4.5, 4]"
"[209, 173, 40, 4.5, 3]","[196, 209, 32, 4.5, 3]","[196, 209, 32, 4.5, 4]","[66, 209, 9, 4.5, 4]"
"[209, 173, 40, 4.5, 3]","[209, 173, 40, 4.5, 3]","[196, 209, 32, 4.5, 3]","[196, 209, 32, 4.5, 4]"
"[209, 173, 40, 4.5, 3]","[209, 173, 40, 4.5, 3]","[209, 173, 40, 4.5, 3]","[196, 209, 32, 4.5, 3]"
"[209, 69, 50, 4.5, 2]","[209, 173, 40, 4.5, 3]","[209, 173, 40, 4.5, 3]","[209, 173, 40, 4.5, 3]"
"[209, 69, 50, 4, 2]","[209, 69, 50, 4.5, 2]","[209, 173, 40, 4.5, 3]","[209, 173, 40, 4.5, 3]"
"[209, 33, 50, 4, 1]","[209, 69, 50, 4, 2]","[209, 69, 50, 4.5, 2]","[209, 173, 40, 4.5, 3]"
"[209, 33, 50, 4, 1]","[209, 33, 50, 4, 1]","[209, 69, 50, 4, 2]","[209, 69, 50, 4.5, 2]"
"[209, 33, 50, 4, 1]","[209, 33, 50, 4, 1]","[209, 33, 50, 4, 1]","[209, 69, 50, 4, 2]"
"[209, 20, 36, 4, 0]","[209, 33, 50, 4, 1]","[209, 33, 50, 4, 1]","[209, 33, 50, 4, 1]"
"[209, 20, 36, 4.5, 0]","[209, 20, 36, 4, 0]","[209, 33, 50, 4, 1]","[209, 33, 50, 4, 1]"
"[209, 20, 36, 4.5, 0]","[209, 20, 36, 4.5, 0]","[209, 20, 36, 4, 0]","[209, 33, 50, 4, 1]"
"[209, 20, 24, 4.5, 0]","[209, 20, 36, 4.5, 0]","[209, 20, 36, 4.5, 0]","[209, 20, 36, 4, 0]"
"[209, 20, 24, 4.5, 0]","[209, 20, 24, 4.5, 0]","[209, 20, 36, 4.5, 0]","[209, 20, 36, 4.5, 0]"
"[209, 48, -10, 4.5, 0]","[209, 20, 24, 4.5, 0]","[209, 20, 24, 4.5, 0]","[209, 20, 36, 4.5, 0]"
"[209, 48, -10, 4.5, 0]","[209, 48, -10, 4.5, 0]","[209, 20, 24, 4.5, 0]","[209, 20, 24, 4.5, 0]"
"[209, 48, -10, 4.5, 0]","[209, 48, -10, 4.5, 0]","[209, 48, -10, 4.5, 0]","[209, 20, 24, 4.5, 0]"
"[209, 47, -20, 4.5, 0]","[209, 48, -10, 4.5, 0]","[209, 48, -10, 4.5, 0]","[209, 48, -10, 4.5, 0]"
"[209, 47, -20, 4.5, 0]","[209, 47, -20, 4.5, 0]","[209, 48, -10, 4.5, 0]","[209, 48, -10, 4.5, 0]"
"[209, 47, -20, 4.5, 0]","[209, 47, -20, 4.5, 0]","[209, 47, -20, 4.5, 0]","[209, 48, -10, 4.5, 0]"
"[165, 209, -44, 4.5, 0]","[209, 47, -20, 4.5, 0]","[209, 47, -20, 4.5, 0]","[209, 47, -20, 4.5, 0]"
"[165, 209, -44, 4.5, 0]","[165, 209, -44, 4.5, 0]","[209, 47, -20, 4.5, 0]","[209, 47, -20, 4.5, 0]"
"[165, 209, -44, 4.5, 0]","[165, 209, -44, 4.5, 0]","[165, 209, -44, 4.5, 0]","[209, 47, -20, 4.5, 0]"
"[119, 209, -47, 4.5, 1]","[165, 209, -44, 4.5, 0]","[165, 209, -44, 4.5, 0]","[165, 209, -44, 4.5, 0]"
"[119, 209, -47, 4, 1]","[119, 209, -47, 4.5, 1]","[165, 209, -44, 4.5, 0]","[165, 209, -44, 4.5, 0]"
"[119, 209, -47, 4, 1]","[119, 209, -47, 4, 1]","[119, 209, -47, 4.5, 1]","[165, 209, -44, 4.5, 0]"
"[20, 209, -41, 4, 2]","[119, 209, -47, 4, 1]","[119, 209, -47, 4, 1]","[119, 209, -47, 4.5, 1]"
"[20, 209, -41, 4.5, 2]","[20, 209, -41, 4, 2]","[119, 209, -47, 4, 1]","[119, 209, -47, 4, 1]"
"[20, 209, -41, 4.5, 3]","[20, 209, -41, 4.5, 2]","[20, 209, -41, 4, 2]","[119, 209, -47, 4, 1]"
"[20, 209, -21, 4.5, 3]","[20, 209, -41, 4.5, 3]","[20, 209, -41, 4.5, 2]","[20, 209, -41, 4, 2]"
"[20, 209, -21, 4.5, 3]","[20, 209, -21, 4.5, 3]","[20, 209, -41, 4.5, 3]","[20, 209, -41, 4.5, 2]"
"[20, 209, -21, 4.5, 3]","[20, 209, -21, 4.5, 3]","[20, 209, -21, 4.5, 3]","[20, 209, -41, 4.5, 3]"
"[22, 209, 4, 4.5, 3]","[20, 209, -21, 4.5, 3]","[20, 209, -21, 4.5, 3]","[20, 209, -21, 4.5, 3]"
"[22, 209, 4, 4.5, 3]","[22, 209, 4, 4.5, 3]","[20, 209, -21, 4.5, 3]","[20, 209, -21, 4.5, 3]"
"[22, 209, 4, 4.5, 3]","[22, 209, 4, 4.5, 3]","[22, 209, 4, 4.5, 3]","[20, 209, -21, 4.5, 3]"
"[112, 209, 30, 4.5, 3]","[22, 209, 4, 4.5, 3]","[22, 209, 4, 4.5, 3]","[22, 209, 4, 4.5, 3]"
"[112, 209, 30, 4.5, 3]","[112, 209, 30, 4.5, 3]","[22, 209, 4, 4.5, 3]","[22, 209, 4, 4.5, 3]"
"[112, 209, 30, 4.5, 3]","[112, 209, 30, 4.5, 3]","[112, 209, 30, 4.5, 3]","[22, 209, 4, 4.5, 3]"
"[209, 195, 50, 4.5, 3]","[112, 209, 30, 4.5, 3]","[112, 209, 30, 4.5, 3]","[112, 209, 30, 4.5, 3]"
"[209, 195, 50, 4, 2]","[209, 195, 50, 4.5, 3]","[112, 209, 30, 4.5, 3]","[112, 209, 30, 4.5, 3]"
"[209, 78, 63, 4, 2]","[209, 195, 50, 4, 2]","[209, 195, 50, 4.5, 3]","[112, 209, 30, 4.5, 3]"
"[209, 78, 63, 2, 1]","[209, 78, 63, 4, 2]","[209, 195, 50, 4, 2]","[209, 195, 50, 4.5, 3]"
"[209, 78, 63, 2, 1]","[209, 78, 63, 2, 1]","[209, 78, 63, 4, 2]","[209, 195, 50, 4, 2]"
"[209, 20, 67, 2, 0]","[209, 78, 63, 2, 1]","[209, 78, 63, 2, 1]","[209, 78, 63, 4, 2]"
"[209, 20, 67, 2, 0]","[209, 20, 67, 2, 0]","[209, 78, 63, 2, 1]","[209, 78, 63, 2, 1]"
"[209, 85, 55, 2, 0]","[209, 20, 67, 2, 0]","[209, 20, 67, 2, 0]","[209, 78, 63, 2, 1]"
"[209, 85, 55, 3.5, 0]","[209, 85, 55, 2, 0]","[209, 20, 67, 2, 0]","[209, 20, 67, 2, 0]"
"[209, 85, 55, 3.5, -1]","[209, 85, 55, 3.5, 0]","[209, 85, 55, 2, 0]","[209, 20, 67, 2, 0]"
"[209, 85, 55, 3.5, -1]","[209, 85, 55, 3.5, -1]","[209, 85, 55, 3.5, 0]","[209, 85, 55, 2, 0]"
"[209, 75, 45, 3.5, -1]","[209, 85, 55, 3.5, -1]","[209, 85, 55, 3.5, -1]","[209, 85, 55, 3.5, 0]"
"[209, 20, 35, 4.5, -2]","[209, 75, 45, 3.5, -1]","[209, 85, 55, 3.5, -1]","[209, 85, 55, 3.5, -1]"
"[209, 20, 35, 4.5, -2]","[209, 20, 35, 4.5, -2]","[209, 75, 45, 3.5, -1]","[209, 85, 55, 3.5, -1]"
"[209, 20, 35, 4.5, -2]","[209, 20, 35, 4.5, -2]","[209, 20, 35, 4.5, -2]","[209, 75, 45, 3.5, -1]"
"[209, 20, 31, 4.5, -3]","[209, 20, 35, 4.5, -2]","[209, 20, 35, 4.5, -2]","[209, 20, 35, 4.5, -2]"
"[209, 20, 31, 4.5, -3]","[209, 20, 31, 4.5, -3]","[209, 20, 35, 4.5, -2]","[209, 20, 35, 4.5, -2]"
"[209, 49, 14, 4.5, -3]","[209, 20, 31, 4.5, -3]","[209, 20, 31, 4.5, -3]","[209, 20, 35, 4.5, -2]"
"[209, 49, 14, 4.5, -3]","[209, 49, 14, 4.5, -3]","[209, 20, 31, 4.5, -3]","[209, 20, 31, 4.5, -3]"
"[209, 49, 2, 4.5, -3]","[209, 49, 14, 4.5, -3]","[209, 49, 14, 4.5, -3]","[209, 20, 31, 4.5, -3]"
"[209, 49, 2, 4.5, -3]","[209, 49, 2, 4.5, -3]","[209, 49, 14, 4.5, -3]","[209, 49, 14, 4.5, -3]"
"[209, 143, -10, 4.5, -3]","[209, 49, 2, 4.5, -3]","[209, 49, 2, 4.5, -3]","[209, 49, 14, 4.5, -3]"
"[209, 143, -10, 4.5, -3]","[209, 143, -10, 4.5, -3]","[209, 49, 2, 4.5, -3]","[209, 49, 2, 4.5, -3]"
"[209, 197, -21, 4.5, -3]","[209, 143, -10, 4.5, -3]","[209, 143, -10, 4.5, -3]","[209, 49, 2, 4.5, -3]"
"[209, 197, -21, 4.5, -3]","[209, 197, -21, 4.5, -3]","[209, 143, -10, 4.5, -3]","[209, 143, -10, 4.5, -3]"
"[168, 209, -23, 4.5, -3]","[209, 197, -21, 4.5, -3]","[209, 197, -21, 4.5, -3]","[209, 143, -10, 4.5, -3]"
"[168, 209, -23, 4.5, -3]","[168, 209, -23, 4.5, -3]","[209, 197, -21, 4.5, -3]","[209, 197, -21, 4.5, -3]"
"[168, 209, -23, 4.5, -3]","[168, 209, -23, 4.5, -3]","[168, 209, -23, 4.5, -3]","[209, 197, -21, 4.5, -3]"
"[119, 209, -25, 4.5, -2]","[168, 209, -23, 4.5, -3]","[168, 209, -23, 4.5, -3]","[168, 209, -23, 4.5, -3]"
"[119, 209, -25, 4.5, -2]","[119, 209, -25, 4.5, -2]","[168, 209, -23, 4.5, -3]","[168, 209, -23, 4.5, -3]"
"[119, 209, -25, 4.5, -2]","[119, 209, -25, 4.5, -2]","[119, 209, -25, 4.5, -2]","[168, 209, -23, 4.5, -3]"
"[109, 209, -19, 4.5, -2]","[119, 209, -25, 4.5, -2]","[119, 209, -25, 4.5, -2]","[119, 209, -25, 4.5, -2]"
"[109, 209, -19, 4.5, -2]","[109, 209, -19, 4.5, -2]","[119, 209, -25, 4.5, -2]","[119, 209, -25, 4.5, -2]"
"[109, 209, -19, 4.5, -1]","[109, 209, -19, 4.5, -2]","[109, 209, -19, 4.5, -2]","[119, 209, -25, 4.5, -2]"
"[99, 209, -7, 4.5, -1]","[109, 209, -19, 4.5, -1]","[109, 209, -19, 4.5, -2]","[109, 209, -19, 4.5, -2]"
"[126, 209, 1, 4.5, -1]","[99, 209, -7, 4.5, -1]","[109, 209, -19, 4.5, -1]","[109, 209, -19, 4.5, -2]"
"[126, 209, 1, 4.5, -1]","[126, 209, 1, 4.5, -1]","[99, 209, -7, 4.5, -1]","[109, 209, -19, 4.5, -1]"
"[126, 209, 1, 4.5, -1]","[126, 209, 1, 4.5, -1]","[126, 209, 1, 4.5, -1]","[99, 209, -7, 4.5, -1]"
"[126, 209, 9, 4.5, -1]","[126, 209, 1, 4.5, -1]","[126, 209, 1, 4.5, -1]","[126, 209, 1, 4.5, -1]"
"[126, 209, 9, 4.5, -1]","[126, 209, 9, 4.5, -1]","[126, 209, 1, 4.5, -1]","[126, 209, 1, 4.5, -1]"
"[126, 209, 9, 4.5, -1]","[126, 209, 9, 4.5, -1]","[126, 209, 9, 4.5, -1]","[126, 209, 1, 4.5, -1]"
"[209, 203, 17, 4.5, -1]","[126, 209, 9, 4.5, -1]","[126, 209, 9, 4.5, -1]","[126, 209, 9, 4.5, -1]"
"[209, 203, 17, 4.5, -2]","[209, 203, 17, 4.5, -1]","[126, 209, 9, 4.5, -1]","[126, 209, 9, 4.5, -1]"
"[209, 167, 18, 4.5, -2]","[209, 203, 17, 4.5, -2]","[209, 203, 17, 4.5, -1]","[126, 209, 9, 4.5, -1]"
"[209, 167, 18, 4.5, -2]","[209, 167, 18, 4.5, -2]","[209, 203, 17, 4.5, -2]","[209, 203, 17, 4.5, -1]"
"[209, 167, 18, 4.5, -2]","[209, 167, 18, 4.5, -2]","[209, 167, 18, 4.5, -2]","[209, 203, 17, 4.5, -2]"
"[209, 131, 17, 4.5, -2]","[209, 167, 18, 4.5, -2]","[209, 167, 18, 4.5, -2]","[209, 167, 18, 4.5, -2]"
"[209, 131, 17, 4.5, -2]","[209, 131, 17, 4.5, -2]","[209, 167, 18, 4.5, -2]","[209, 167, 18, 4.5, -2]"
"[209, 131, 10, 4.5, -2]","[209, 131, 17, 4.5, -2]","[209, 131, 17, 4.5, -2]","[209, 167, 18, 4.5, -2]"
"[209, 131, 10, 4.5, -3]","[209, 131, 10, 4.5, -2]","[209, 131, 17, 4.5, -2]","[209, 131, 17, 4.5, -2]"
"[209, 131, 10, 4.5, -3]","[209, 131, 10, 4.5, -3]","[209, 131, 10, 4.5, -2]","[209, 131, 17, 4.5, -2]"
"[209, 126, 4, 4.5, -3]","[209, 131, 10, 4.5, -3]","[209, 131, 10, 4.5, -3]","[209, 131, 10, 4.5, -2]"
"[209, 126, 4, 4.5, -3]","[209, 126, 4, 4.5, -3]","[209, 131, 10, 4.5, -3]","[209, 131, 10, 4.5, -3]"
"[209, 126, 4, 4.5, -3]","[209, 126, 4, 4.5, -3]","[209, 126, 4, 4.5, -3]","[209, 131, 10, 4.5, -3]"
"[209, 161, 0, 4.5, -3]","[209, 126, 4, 4.5, -3]","[209, 126, 4, 4.5, -3]","[209, 126, 4, 4.5, -3]"
"[209, 188, -4, 4.5, -3]","[209, 161, 0, 4.5, -3]","[209, 126, 4, 4.5, -3]","[209, 126, 4, 4.5, -3]"
"[209, 188, -4, 4.5, -3]","[209, 188, -4, 4.5, -3]","[209, 161, 0, 4.5, -3]","[209, 126, 4, 4.5, -3]"
"[209, 188, -7, 4.5, -3]","[209, 188, -4, 4.5, -3]","[209, 188, -4, 4.5, -3]","[209, 161, 0, 4.5, -3]"
"[209, 188, -7, 4.5, -3]","[209, 188, -7, 4.5, -3]","[209, 188, -4, 4.5, -3]","[209, 188, -4, 4.5, -3]"
"[209, 188, -7, 4.5, -3]","[209, 188, -7, 4.5, -3]","[209, 188, -7, 4.5, -3]","[209, 188, -4, 4.5, -3]"
"[209, 206, -10, 4.5, -3]","[209, 188, -7, 4.5, -3]","[209, 188, -7, 4.5, -3]","[209, 188, -7, 4.5, -3]"
"[209, 206, -10, 4.5, -2]","[209, 206, -10, 4.5, -3]","[209, 188, -7, 4.5, -3]","[209, 188, -7, 4.5, -3]"
"[181, 209, -14, 4.5, -2]","[209, 206, -10, 4.5, -2]","[209, 206, -10, 4.5, -3]","[209, 188, -7, 4.5, -3]"
"[181, 209, -14, 4.5, -2]","[181, 209, -14, 4.5, -2]","[209, 206, -10, 4.5, -2]","[209, 206, -10, 4.5, -3]"
"[181, 209, -17, 4.5, -2]","[181, 209, -14, 4.5, -2]","[181, 209, -14, 4.5, -2]","[209, 206, -10, 4.5, -2]"
"[181, 209, -17, 4.5, -2]","[181, 209, -17, 4.5, -2]","[181, 209, -14, 4.5, -2]","[181, 209, -14, 4.5, -2]"
"[149, 209, -17, 4.5, -2]","[181, 209, -17, 4.5, -2]","[181, 209, -17, 4.5, -2]","[181, 209, -14, 4.5, -2]"
"[149, 209, -17, 4.5, -2]","[149, 209, -17, 4.5, -2]","[181, 209, -17, 4.5, -2]","[181, 209, -17, 4.5, -2]"
"[149, 209, -17, 4.5, -2]","[149, 209, -17, 4.5, -2]","[149, 209, -17, 4.5, -2]","[181, 209, -17, 4.5, -2]"
"[149, 209, -17, 4.5, -1]","[149, 209, -17, 4.5, -2]","[149, 209, -17, 4.5, -2]","[149, 209, -17, 4.5, -2]"
"[135, 209, -17, 4.5, -1]","[149, 209, -17, 4.5, -1]","[149, 209, -17, 4.5, -2]","[149, 209, -17, 4.5, -2]"
"[135, 209, -17, 4.5, -1]","[135, 209, -17, 4.5, -1]","[149, 209, -17, 4.5, -1]","[149, 209, -17, 4.5, -2]"
"[135, 209, -17, 4.5, -1]","[135, 209, -17, 4.5, -1]","[135, 209, -17, 4.5, -1]","[149, 209, -17, 4.5, -1]"
"[135, 209, -13, 4.5, -1]","[135, 209, -17, 4.5, -1]","[135, 209, -17, 4.5, -1]","[135, 209, -17, 4.5, -1]"
"[135, 209, -13, 4.5, -1]","[135, 209, -13, 4.5, -1]","[135, 209, -17, 4.5, -1]","[135, 209, -17, 4.5, -1]"
"[134, 209, 0, 4.5, -1]","[135, 209, -13, 4.5, -1]","[135, 209, -13, 4.5, -1]","[135, 209, -17, 4.5, -1]"
"[134, 209, 0, 4.5, -1]","[134, 209, 0, 4.5, -1]","[135, 209, -13, 4.5, -1]","[135, 209, -13, 4.5, -1]"
"[134, 209, 0, 4.5, -1]","[134, 209, 0, 4.5, -1]","[134, 209, 0, 4.5, -1]","[135, 209, -13, 4.5, -1]"
"[134, 209, 0, 4.5, -1]","[134, 209, 0, 4.5, -1]","[134, 209, 0, 4.5, -1]","[134, 209, 0, 4.5, -1]"
"[152, 209, 1, 4.5, -1]","[134, 209, 0, 4.5, -1]","[134, 209, 0, 4.5, -1]","[134, 209, 0, 4.5, -1]"
"[152, 209, 1, 4.5, -1]","[152, 209, 1, 4.5, -1]","[134, 209, 0, 4.5, -1]","[134, 209, 0, 4.5, -1]"
"[152, 209, 1, 4.5, -1]","[152, 209, 1, 4.5, -1]","[152, 209, 1, 4.5, -1]","[134, 209, 0, 4.5, -1]"
"[209, 208, 8, 4.5, -1]","[152, 209, 1, 4.5, -1]","[152, 209, 1, 4.5, -1]","[152, 209, 1, 4.5, -1]"
"[209, 208, 13, 4.5, -1]","[209, 208, 8, 4.5, -1]","[152, 209, 1, 4.5, -1]","[152, 209, 1, 4.5, -1]"
"[209, 208, 13, 4.5, -1]","[209, 208, 13, 4.5, -1]","[209, 208, 8, 4.5, -1]","[152, 209, 1, 4.5, -1]"
"[209, 208, 13, 4.5, -1]","[209, 208, 13, 4.5, -1]","[209, 208, 13, 4.5, -1]","[209, 208, 8, 4.5, -1]"
"[209, 204, 20, 4.5, -1]","[209, 208, 13, 4.5, -1]","[209, 208, 13, 4.5, -1]","[209, 208, 13, 4.5, -1]"
"[209, 204, 20, 4.5, -1]","[209, 204, 20, 4.5, -1]","[209, 208, 13, 4.5, -1]","[209, 208, 13, 4.5, -1]"
"[209, 150, 22, 4.5, -1]","[209, 204, 20, 4.5, -1]","[209, 204, 20, 4.5, -1]","[209, 208, 13, 4.5, -1]"
"[209, 150, 22, 4.5, -2]","[209, 150, 22, 4.5, -1]","[209, 204, 20, 4.5, -1]","[209, 204, 20, 4.5, -1]"
"[209, 150, 22, 4.5, -2]","[209, 150, 22, 4.5, -2]","[209, 150, 22, 4.5, -1]","[209, 204, 20, 4.5, -1]"
"[209, 118, 30, 4.5, -2]","[209, 150, 22, 4.5, -2]","[209, 150, 22, 4.5, -2]","[209, 150, 22, 4.5, -1]"
"[209, 118, 30, 4.5, -2]","[209, 118, 30, 4.5, -2]","[209, 150, 22, 4.5, -2]","[209, 150, 22, 4.5, -2]"
"[209, 118, 30, 4.5, -2]","[209, 118, 30, 4.5, -2]","[209, 118, 30, 4.5, -2]","[209, 150, 22, 4.5, -2]"
"[209, 108, 27, 4.5, -3]","[209, 118, 30, 4.5, -2]","[209, 118, 30, 4.5, -2]","[209, 118, 30, 4.5, -2]"
"[209, 108, 27, 4.5, -3]","[209, 108, 27, 4.5, -3]","[209, 118, 30, 4.5, -2]","[209, 118, 30, 4.5, -2]"
"[209, 108, 27, 4.5, -3]","[209, 108, 27, 4.5, -3]","[209, 108, 27, 4.5, -3]","[209, 118, 30, 4.5, -2]"
"[209, 72, 21, 4.5, -3]","[209, 108, 27, 4.5, -3]","[209, 108, 27, 4.5, -3]","[209, 108, 27, 4.5, -3]"
"[209, 71, 11, 4.5, -3]","[209, 72, 21, 4.5, -3]","[209, 108, 27, 4.5, -3]","[209, 108, 27, 4.5, -3]"
"[209, 71, 11, 4.5, -3]","[209, 71, 11, 4.5, -3]","[209, 72, 21, 4.5, -3]","[209, 108, 27, 4.5, -3]"
"[209, 71, 11, 4.5, -3]","[209, 71, 11, 4.5, -3]","[209, 71, 11, 4.5, -3]","[209, 72, 21, 4.5, -3]"
"[209, 84, 5, 4.5, -4]","[209, 71, 11, 4.5, -3]","[209, 71, 11, 4.5, -3]","[209, 71, 11, 4.5, -3]"
"[209, 84, 5, 4.5, -4]","[209, 84, 5, 4.5, -4]","[209, 71, 11, 4.5, -3]","[209, 71, 11, 4.5, -3]"
"[209, 156, -4, 4.5, -4]","[209, 84, 5, 4.5, -4]","[209, 84, 5, 4.5, -4]","[209, 71, 11, 4.5, -3]"
"[209, 156, -4, 4.5, -4]","[209, 156, -4, 4.5, -4]","[209, 84, 5, 4.5, -4]","[209, 84, 5, 4.5, -4]"
"[209, 183, -5, 4.5, -4]","[209, 156, -4, 4.5, -4]","[209, 156, -4, 4.5, -4]","[209, 84, 5, 4.5, -4]"
"[209, 183, -5, 4.5, -3]","[209, 183, -5, 4.5, -4]","[209, 156, -4, 4.5, -4]","[209, 156, -4, 4.5, -4]"
"[209, 183, -7, 4.5, -3]","[209, 183, -5, 4.5, -3]","[209, 183, -5, 4.5, -4]","[209, 156, -4, 4.5, -4]"
"[209, 183, -7, 4.5, -3]","[209, 183, -7, 4.5, -3]","[209, 183, -5, 4.5, -3]","[209, 183, -5, 4.5, -4]"
"[191, 209, -11, 4.5, -3]","[209, 183, -7, 4.5, -3]","[209, 183, -7, 4.5, -3]","[209, 183, -5, 4.5, -3]"
"[191, 209, -11, 4.5, -3]","[191, 209, -11, 4.5, -3]","[209, 183, -7, 4.5, -3]","[209, 183, -7, 4.5, -3]"
"[191, 209, -11, 4.5, -3]","[191, 209, -11, 4.5, -3]","[191, 209, -11, 4.5, -3]","[209, 183, -7, 4.5, -3]"
"[182, 209, -13, 4.5, -3]","[191, 209, -11, 4.5, -3]","[191, 209, -11, 4.5, -3]","[191, 209, -11, 4.5, -3]"
"[182, 209, -13, 4.5, -3]","[182, 209, -13, 4.5, -3]","[191, 209, -11, 4.5, -3]","[191, 209, -11, 4.5, -3]"
"[182, 209, -11, 4.5, -3]","[182, 209, -13, 4.5, -3]","[182, 209, -13, 4.5, -3]","[191, 209, -11, 4.5, -3]"
"[182, 209, -11, 4.5, -3]","[182, 209, -11, 4.5, -3]","[182, 209, -13, 4.5, -3]","[182, 209, -13, 4.5, -3]"
"[182, 209, -11, 4.5, -3]","[182, 209, -11, 4.5, -3]","[182, 209, -11, 4.5, -3]","[182, 209, -13, 4.5, -3]"
"[154, 209, -11, 4.5, -3]","[182, 209, -11, 4.5, -3]","[182, 209, -11, 4.5, -3]","[182, 209, -11, 4.5, -3]"
"[154, 209, -11, 4.5, -3]","[154, 209, -11, 4.5, -3]","[182, 209, -11, 4.5, -3]","[182, 209, -11, 4.5, -3]"
"[154, 209, -11, 4.5, -3]","[154, 209, -11, 4.5, -3]","[154, 209, -11, 4.5, -3]","[182, 209, -11, 4.5, -3]"
"[163, 209, -8, 4.5, -2]","[154, 209, -11, 4.5, -3]","[154, 209, -11, 4.5, -3]","[154, 209, -11, 4.5, -3]"
"[163, 209, -8, 4.5, -2]","[163, 209, -8, 4.5, -2]","[154, 209, -11, 4.5, -3]","[154, 209, -11, 4.5, -3]"
"[163, 209, -8, 4.5, -2]","[163, 209, -8, 4.5, -2]","[163, 209, -8, 4.5, -2]","[154, 209, -11, 4.5, -3]"
"[163, 209, -6, 4.5, -2]","[163, 209, -8, 4.5, -2]","[163, 209, -8, 4.5, -2]","[163, 209, -8, 4.5, -2]"
"[163, 209, -6, 4.5, -2]","[163, 209, -6, 4.5, -2]","[163, 209, -8, 4.5, -2]","[163, 209, -8, 4.5, -2]"
"[163, 209, -6, 4.5, -2]","[163, 209, -6, 4.5, -2]","[163, 209, -6, 4.5, -2]","[163, 209, -8, 4.5, -2]"
"[176, 209, -2, 4.5, -2]","[163, 209, -6, 4.5, -2]","[163, 209, -6, 4.5, -2]","[163, 209, -6, 4.5, -2]"
"[176, 209, -2, 4.5, -2]","[176, 209, -2, 4.5, -2]","[163, 209, -6, 4.5, -2]","[163, 209, -6, 4.5, -2]"
"[185, 209, 1, 4.5, -2]","[176, 209, -2, 4.5, -2]","[176, 209, -2, 4.5, -2]","[163, 209, -6, 4.5, -2]"
"[185, 209, 1, 4.5, -2]","[185, 209, 1, 4.5, -2]","[176, 209, -2, 4.5, -2]","[176, 209, -2, 4.5, -2]"
"[185, 209, 1, 4.5, -2]","[185, 209, 1, 4.5, -2]","[185, 209, 1, 4.5, -2]","[176, 209, -2, 4.5, -2]"
"[203, 209, 5, 4.5, -2]","[185, 209, 1, 4.5, -2]","[185, 209, 1, 4.5, -2]","[185, 209, 1, 4.5, -2]"
"[203, 209, 5, 4.5, -2]","[203, 209, 5, 4.5, -2]","[185, 209, 1, 4.5, -2]","[185, 209, 1, 4.5, -2]"
"[209, 202, 9, 4.5, -2]","[203, 209, 5, 4.5, -2]","[203, 209, 5, 4.5, -2]","[185, 209, 1, 4.5, -2]"
"[209, 202, 9, 4.5, -2]","[209, 202, 9, 4.5, -2]","[203, 209, 5, 4.5, -2]","[203, 209, 5, 4.5, -2]"
"[209, 202, 9, 4.5, -2]","[209, 202, 9, 4.5, -2]","[209, 202, 9, 4.5, -2]","[203, 209, 5, 4.5, -2]"
"[209, 184, 13, 4.5, -2]","[209, 202, 9, 4.5, -2]","[209, 202, 9, 4.5, -2]","[209, 202, 9, 4.5, -2]"
"[209, 184, 13, 4.5, -2]","[209, 184, 13, 4.5, -2]","[209, 202, 9, 4.5, -2]","[209, 202, 9, 4.5, -2]"
"[209, 166, 13, 4.5, -2]","[209, 184, 13, 4.5, -2]","[209, 184, 13, 4.5, -2]","[209, 202, 9, 4.5, -2]"
"[209, 166, 13, 4.5, -2]","[209, 166, 13, 4.5, -2]","[209, 184, 13, 4.5, -2]","[209, 184, 13, 4.5, -2]"
"[209, 166, 11, 4.5, -2]","[209, 166, 13, 4.5, -2]","[209, 166, 13, 4.5, -2]","[209, 184, 13, 4.5, -2]"
"[209, 166, 11, 4.5, -3]","[209, 166, 11, 4.5, -2]","[209, 166, 13, 4.5, -2]","[209, 166, 13, 4.5, -2]"
"[209, 166, 11, 4.5, -3]","[209, 166, 11, 4.5, -3]","[209, 166, 11, 4.5, -2]","[209, 166, 13, 4.5, -2]"
"[209, 148, 9, 4.5, -3]","[209, 166, 11, 4.5, -3]","[209, 166, 11, 4.5, -3]","[209, 166, 11, 4.5, -2]"
"[209, 148, 9, 4.5, -3]","[209, 148, 9, 4.5, -3]","[209, 166, 11, 4.5, -3]","[209, 166, 11, 4.5, -3]"
"[209, 157, 3, 4.5, -3]","[209, 148, 9, 4.5, -3]","[209, 148, 9, 4.5, -3]","[209, 166, 11, 4.5, -3]"
"[209, 157, 3, 4.5, -3]","[209, 157, 3, 4.5, -3]","[209, 148, 9, 4.5, -3]","[209, 148, 9, 4.5, -3]"
"[209, 157, 3, 4.5, -3]","[209, 157, 3, 4.5, -3]","[209, 157, 3, 4.5, -3]","[209, 148, 9, 4.5, -3]"
"[209, 166, 0, 4.5, -3]","[209, 157, 3, 4.5, -3]","[209, 157, 3, 4.5, -3]","[209, 157, 3, 4.5, -3]"
"[209, 166, 0, 4.5, -3]","[209, 166, 0, 4.5, -3]","[209, 157, 3, 4.5, -3]","[209, 157, 3, 4.5, -3]"
"[209, 193, -1, 4.5, -3]","[209, 166, 0, 4.5, -3]","[209, 166, 0, 4.5, -3]","[209, 157, 3, 4.5, -3]"
"[209, 193, -1, 4.5, -3]","[209, 193, -1, 4.5, -3]","[209, 166, 0, 4.5, -3]","[209, 166, 0, 4.5, -3]"
"[209, 193, -1, 4.5, -3]","[209, 193, -1, 4.5, -3]","[209, 193, -1, 4.5, -3]","[209, 166, 0, 4.5, -3]"
"[209, 193, 0, 4.5, -3]","[209, 193, -1, 4.5, -3]","[209, 193, -1, 4.5, -3]","[209, 193, -1, 4.5, -3]"
"[208, 209, 2, 4.5, -3]","[209, 193, 0, 4.5, -3]","[209, 193, -1, 4.5, -3]","[209, 193, -1, 4.5, -3]"
"[208, 209, 2, 4.5, -3]","[208, 209, 2, 4.5, -3]","[209, 193, 0, 4.5, -3]","[209, 193, -1, 4.5, -3]"
"[208, 209, 2, 4.5, -3]","[208, 209, 2, 4.5, -3]","[208, 209, 2, 4.5, -3]","[209, 193, 0, 4.5, -3]"
"[208, 209, 0, 4.5, -3]","[208, 209, 2, 4.5, -3]","[208, 209, 2, 4.5, -3]","[208, 209, 2, 4.5, -3]"
"[208, 209, 0, 4.5, -3]","[208, 209, 0, 4.5, -3]","[208, 209, 2, 4.5, -3]","[208, 209, 2, 4.5, -3]"
"[209, 197, -2, 4.5, -3]","[208, 209, 0, 4.5, -3]","[208, 209, 0, 4.5, -3]","[208, 209, 2, 4.5, -3]"
"[209, 197, -2, 4.5, -3]","[209, 197, -2, 4.5, -3]","[208, 209, 0, 4.5, -3]","[208, 209, 0, 4.5, -3]"
"[209, 197, -2, 4.5, -3]","[209, 197, -2, 4.5, -3]","[209, 197, -2, 4.5, -3]","[208, 209, 0, 4.5, -3]"
"[209, 206, -8, 4.5, -3]","[209, 197, -2, 4.5, -3]","[209, 197, -2, 4.5, -3]","[209, 197, -2, 4.5, -3]"
"[209, 206, -8, 4.5, -3]","[209, 206, -8, 4.5, -3]","[209, 197, -2, 4.5, -3]","[209, 197, -2, 4.5, -3]"
"[209, 206, -8, 4.5, -3]","[209, 206, -8, 4.5, -3]","[209, 206, -8, 4.5, -3]","[209, 197, -2, 4.5, -3]"
"[204, 209, -13, 4.5, -3]","[209, 206, -8, 4.5, -3]","[209, 206, -8, 4.5, -3]","[209, 206, -8, 4.5, -3]"
"[204, 209, -13, 4.5, -2]","[204, 209, -13, 4.5, -3]","[209, 206, -8, 4.5, -3]","[209, 206, -8, 4.5, -3]"
"[204, 209, -13, 4.5, -2]","[204, 209, -13, 4.5, -2]","[204, 209, -13, 4.5, -3]","[209, 206, -8, 4.5, -3]"
"[177, 209, -15, 4.5, -2]","[204, 209, -13, 4.5, -2]","[204, 209, -13, 4.5, -2]","[204, 209, -13, 4.5, -3]"
"[177, 209, -15, 4.5, -2]","[177, 209, -15, 4.5, -2]","[204, 209, -13, 4.5, -2]","[204, 209, -13, 4.5, -2]"
"[177, 209, -15, 4.5, -2]","[177, 209, -15, 4.5, -2]","[177, 209, -15, 4.5, -2]","[204, 209, -13, 4.5, -2]"
"[154, 209, -17, 4.5, -2]","[177, 209, -15, 4.5, -2]","[177, 209, -15, 4.5, -2]","[177, 209, -15, 4.5, -2]"
"[154, 209, -17, 4.5, -2]","[154, 209, -17, 4.5, -2]","[177, 209, -15, 4.5, -2]","[177, 209, -15, 4.5, -2]"
"[154, 209, -17, 4.5, -2]","[154, 209, -17, 4.5, -2]","[154, 209, -17, 4.5, -2]","[177, 209, -15, 4.5, -2]"
"[145, 209, -17, 4.5, -2]","[154, 209, -17, 4.5, -2]","[154, 209, -17, 4.5, -2]","[154, 209, -17, 4.5, -2]"
"[145, 209, -17, 4.5, -1]","[145, 209, -17, 4.5, -2]","[154, 209, -17, 4.5, -2]","[154, 209, -17, 4.5, -2]"
"[145, 209, -17, 4.5, -1]","[145, 209, -17, 4.5, -1]","[145, 209, -17, 4.5, -2]","[154, 209, -17, 4.5, -2]"
"[135, 209, -14, 4.5, -1]","[145, 209, -17, 4.5, -1]","[145, 209, -17, 4.5, -1]","[145, 209, -17, 4.5, -2]"
"[135, 209, -14, 4.5, -1]","[135, 209, -14, 4.5, -1]","[145, 209, -17, 4.5, -1]","[145, 209, -17, 4.5, -1]"
"[135, 209, -14, 4.5, -1]","[135, 209, -14, 4.5, -1]","[135, 209, -14, 4.5, -1]","[145, 209, -17, 4.5, -1]"
"[135, 209, -7, 4.5, -1]","[135, 209, -14, 4.5, -1]","[135, 209, -14, 4.5, -1]","[135, 209, -14, 4.5, -1]"
"[135, 209, -7, 4.5, -1]","[135, 209, -7, 4.5, -1]","[135, 209, -14, 4.5, -1]","[135, 209, -14, 4.5, -1]"
"[148, 209, 0, 4.5, -1]","[135, 209, -7, 4.5, -1]","[135, 209, -7, 4.5, -1]","[135, 209, -14, 4.5, -1]"
"[148, 209, 0, 4.5, -1]","[148, 209, 0, 4.5, -1]","[135, 209, -7, 4.5, -1]","[135, 209, -7, 4.5, -1]"
"[148, 209, 0, 4.5, -1]","[148, 209, 0, 4.5, -1]","[148, 209, 0, 4.5, -1]","[135, 209, -7, 4.5, -1]"
"[179, 209, 9, 4.5, -1]","[148, 209, 0, 4.5, -1]","[148, 209, 0, 4.5, -1]","[148, 209, 0, 4.5, -1]"
"[179, 209, 9, 4.5, -1]","[179, 209, 9, 4.5, -1]","[148, 209, 0, 4.5, -1]","[148, 209, 0, 4.5, -1]"
"[209, 208, 18, 4.5, -1]","[179, 209, 9, 4.5, -1]","[179, 209, 9, 4.5, -1]","[148, 209, 0, 4.5, -1]"
"[209, 208, 18, 4.5, -1]","[209, 208, 18, 4.5, -1]","[179, 209, 9, 4.5, -1]","[179, 209, 9, 4.5, -1]"
"[209, 208, 18, 4.5, -1]","[209, 208, 18, 4.5, -1]","[209, 208, 18, 4.5, -1]","[179, 209, 9, 4.5, -1]"
"[209, 168, 24, 4.5, -1]","[209, 208, 18, 4.5, -1]","[209, 208, 18, 4.5, -1]","[209, 208, 18, 4.5, -1]"
"[209, 168, 24, 4.5, -1]","[209, 168, 24, 4.5, -1]","[209, 208, 18, 4.5, -1]","[209, 208, 18, 4.5, -1]"
"[209, 127, 30, 4.5, -2]","[209, 168, 24, 4.5, -1]","[209, 168, 24, 4.5, -1]","[209, 208, 18, 4.5, -1]"
"[209, 127, 30, 4.5, -2]","[209, 127, 30, 4.5, -2]","[209, 168, 24, 4.5, -1]","[209, 168, 24, 4.5, -1]"
"[209, 127, 30, 4.5, -2]","[209, 127, 30, 4.5, -2]","[209, 127, 30, 4.5, -2]","[209, 168, 24, 4.5, -1]"
"[209, 127, 27, 4.5, -2]","[209, 127, 30, 4.5, -2]","[209, 127, 30, 4.5, -2]","[209, 127, 30, 4.5, -2]"
"[209, 127, 27, 4.5, -3]","[209, 127, 27, 4.5, -2]","[209, 127, 30, 4.5, -2]","[209, 127, 30, 4.5, -2]"
"[209, 127, 27, 4.5, -3]","[209, 127, 27, 4.5, -3]","[209, 127, 27, 4.5, -2]","[209, 127, 30, 4.5, -2]"
"[209, 72, 26, 4.5, -3]","[209, 127, 27, 4.5, -3]","[209, 127, 27, 4.5, -3]","[209, 127, 27, 4.5, -2]"
"[209, 72, 26, 4.5, -3]","[209, 72, 26, 4.5, -3]","[209, 127, 27, 4.5, -3]","[209, 127, 27, 4.5, -3]"
"[209, 85, 19, 4.5, -3]","[209, 72, 26, 4.5, -3]","[209, 72, 26, 4.5, -3]","[209, 127, 27, 4.5, -3]"
"[209, 85, 19, 4.5, -4]","[209, 85, 19, 4.5, -3]","[209, 72, 26, 4.5, -3]","[209, 72, 26, 4.5, -3]"
"[209, 85, 19, 4.5, -4]","[209, 85, 19, 4.5, -4]","[209, 85, 19, 4.5, -3]","[209, 72, 26, 4.5, -3]"
"[209, 89, 8, 4.5, -4]","[209, 85, 19, 4.5, -4]","[209, 85, 19, 4.5, -4]","[209, 85, 19, 4.5, -3]"
"[209, 89, 8, 4.5, -4]","[209, 89, 8, 4.5, -4]","[209, 85, 19, 4.5, -4]","[209, 85, 19, 4.5, -4]"
"[209, 89, 8, 4.5, -4]","[209, 89, 8, 4.5, -4]","[209, 89, 8, 4.5, -4]","[209, 85, 19, 4.5, -4]"
"[209, 120, 0, 4.5, -4]","[209, 89, 8, 4.5, -4]","[209, 89, 8, 4.5, -4]","[209, 89, 8, 4.5, -4]"
"[209, 120, 0, 4.5, -4]","[209, 120, 0, 4.5, -4]","[209, 89, 8, 4.5, -4]","[209, 89, 8, 4.5, -4]"
"[209, 120, 0, 4.5, -4]","[209, 120, 0, 4.5, -4]","[209, 120, 0, 4.5, -4]","[209, 89, 8, 4.5, -4]"
"[209, 120, 0, 4.5, -4]","[209, 120, 0, 4.5, -4]","[209, 120, 0, 4.5, -4]","[209, 120, 0, 4.5, -4]"
"[209, 169, -5, 4.5, -4]","[209, 120, 0, 4.5, -4]","[209, 120, 0, 4.5, -4]","[209, 120, 0, 4.5, -4]"
"[209, 169, -5, 4.5, -4]","[209, 169, -5, 4.5, -4]","[209, 120, 0, 4.5, -4]","[209, 120, 0, 4.5, -4]"
"[209, 205, -9, 4.5, -4]","[209, 169, -5, 4.5, -4]","[209, 169, -5, 4.5, -4]","[209, 120, 0, 4.5, -4]"
"[209, 205, -9, 4.5, -4]","[209, 205, -9, 4.5, -4]","[209, 169, -5, 4.5, -4]","[209, 169, -5, 4.5, -4]"
"[209, 205, -9, 4.5, -4]","[209, 205, -9, 4.5, -4]","[209, 205, -9, 4.5, -4]","[209, 169, -5, 4.5, -4]"
"[191, 209, -11, 4.5, -4]","[209, 205, -9, 4.5, -4]","[209, 205, -9, 4.5, -4]","[209, 205, -9, 4.5, -4]"
"[191, 209, -11, 4.5, -4]","[191, 209, -11, 4.5, -4]","[209, 205, -9, 4.5, -4]","[209, 205, -9, 4.5, -4]"
"[173, 209, -14, 4.5, -4]","[191, 209, -11, 4.5, -4]","[191, 209, -11, 4.5, -4]","[209, 205, -9, 4.5, -4]"
"[173, 209, -14, 4.5, -3]","[173, 209, -14, 4.5, -4]","[191, 209, -11, 4.5, -4]","[191, 209, -11, 4.5, -4]"
"[164, 209, -13, 4.5, -3]","[173, 209, -14, 4.5, -3]","[173, 209, -14, 4.5, -4]","[191, 209, -11, 4.5, -4]"
"[164, 209, -13, 4.5, -3]","[164, 209, -13, 4.5, -3]","[173, 209, -14, 4.5, -3]","[173, 209, -14, 4.5, -4]"
"[164, 209, -13, 4.5, -3]","[164, 209, -13, 4.5, -3]","[164, 209, -13, 4.5, -3]","[173, 209, -14, 4.5, -3]"
"[164, 209, -12, 4.5, -3]","[164, 209, -13, 4.5, -3]","[164, 209, -13, 4.5, -3]","[164, 209, -13, 4.5, -3]"
"[164, 209, -12, 4.5, -3]","[164, 209, -12, 4.5, -3]","[164, 209, -13, 4.5, -3]","[164, 209, -13, 4.5, -3]"
"[164, 209, -12, 4.5, -3]","[164, 209, -12, 4.5, -3]","[164, 209, -12, 4.5, -3]","[164, 209, -13, 4.5, -3]"
"[155, 209, -11, 4.5, -3]","[164, 209, -12, 4.5, -3]","[164, 209, -12, 4.5, -3]","[164, 209, -12, 4.5, -3]"
"[155, 209, -7, 4.5, -3]","[155, 209, -11, 4.5, -3]","[164, 209, -12, 4.5, -3]","[164, 209, -12, 4.5, -3]"
"[155, 209, -7, 4.5, -3]","[155, 209, -7, 4.5, -3]","[155, 209, -11, 4.5, -3]","[164, 209, -12, 4.5, -3]"
"[155, 209, -7, 4.5, -3]","[155, 209, -7, 4.5, -3]","[155, 209, -7, 4.5, -3]","[155, 209, -11, 4.5, -3]"
"[159, 209, -9, 4.5, -2]","[155, 209, -7, 4.5, -3]","[155, 209, -7, 4.5, -3]","[155, 209, -7, 4.5, -3]"
"[159, 209, -9, 4.5, -2]","[159, 209, -9, 4.5, -2]","[155, 209, -7, 4.5, -3]","[155, 209, -7, 4.5, -3]"
"[181, 209, -5, 4.5, -2]","[159, 209, -9, 4.5, -2]","[159, 209, -9, 4.5, -2]","[155, 209, -7, 4.5, -3]"
"[181, 209, -5, 4.5, -2]","[181, 209, -5, 4.5, -2]","[159, 209, -9, 4.5, -2]","[159, 209, -9, 4.5, -2]"
"[181, 209, -5, 4.5, -2]","[181, 209, -5, 4.5, -2]","[181, 209, -5, 4.5, -2]","[159, 209, -9, 4.5, -2]"
"[181, 209, 0, 4.5, -2]","[181, 209, -5, 4.5, -2]","[181, 209, -5, 4.5, -2]","[181, 209, -5, 4.5, -2]"
"[181, 209, 0, 4.5, -2]","[181, 209, 0, 4.5, -2]","[181, 209, -5, 4.5, -2]","[181, 209, -5, 4.5, -2]"
"[190, 209, 4, 4.5, -2]","[181, 209, 0, 4.5, -2]","[181, 209, 0, 4.5, -2]","[181, 209, -5, 4.5, -2]"
"[190, 209, 4, 4.5, -2]","[190, 209, 4, 4.5, -2]","[181, 209, 0, 4.5, -2]","[181, 209, 0, 4.5, -2]"
"[190, 209, 4, 4.5, -2]","[190, 209, 4, 4.5, -2]","[190, 209, 4, 4.5, -2]","[181, 209, 0, 4.5, -2]"
"[190, 209, 10, 4.5, -2]","[190, 209, 4, 4.5, -2]","[190, 209, 4, 4.5, -2]","[190, 209, 4, 4.5, -2]"
"[190, 209, 10, 4.5, -2]","[190, 209, 10, 4.5, -2]","[190, 209, 4, 4.5, -2]","[190, 209, 4, 4.5, -2]"
"[209, 189, 17, 4.5, -2]","[190, 209, 10, 4.5, -2]","[190, 209, 10, 4.5, -2]","[190, 209, 4, 4.5, -2]"
"[209, 189, 17, 4.5, -3]","[209, 189, 17, 4.5, -2]","[190, 209, 10, 4.5, -2]","[190, 209, 10, 4.5, -2]"
"[209, 162, 17, 4.5, -3]","[209, 189, 17, 4.5, -3]","[209, 189, 17, 4.5, -2]","[190, 209, 10, 4.5, -2]"
"[209, 162, 17, 4.5, -3]","[209, 162, 17, 4.5, -3]","[209, 189, 17, 4.5, -3]","[209, 189, 17, 4.5, -2]"
"[209, 162, 17, 4.5, -3]","[209, 162, 17, 4.5, -3]","[209, 162, 17, 4.5, -3]","[209, 189, 17, 4.5, -3]"
"[209, 130, 17, 4.5, -3]","[209, 162, 17, 4.5, -3]","[209, 162, 17, 4.5, -3]","[209, 162, 17, 4.5, -3]"
"[209, 130, 17, 4.5, -3]","[209, 130, 17, 4.5, -3]","[209, 162, 17, 4.5, -3]","[209, 162, 17, 4.5, -3]"
"[209, 129, 13, 4.5, -3]","[209, 130, 17, 4.5, -3]","[209, 130, 17, 4.5, -3]","[209, 162, 17, 4.5, -3]"
"[209, 129, 13, 4.5, -4]","[209, 129, 13, 4.5, -3]","[209, 130, 17, 4.5, -3]","[209, 130, 17, 4.5, -3]"
"[209, 129, 5, 4.5, -4]","[209, 129, 13, 4.5, -4]","[209, 129, 13, 4.5, -3]","[209, 130, 17, 4.5, -3]"
"[209, 129, 5, 4.5, -4]","[209, 129, 5, 4.5, -4]","[209, 129, 13, 4.5, -4]","[209, 129, 13, 4.5, -3]"
"[209, 129, 4, 4.5, -4]","[209, 129, 5, 4.5, -4]","[209, 129, 5, 4.5, -4]","[209, 129, 13, 4.5, -4]"
"[209, 129, 4, 4.5, -4]","[209, 129, 4, 4.5, -4]","[209, 129, 5, 4.5, -4]","[209, 129, 5, 4.5, -4]"
"[209, 129, 4, 4.5, -4]","[209, 129, 4, 4.5, -4]","[209, 129, 4, 4.5, -4]","[209, 129, 5, 4.5, -4]"
"[209, 183, 1, 4.5, -4]","[209, 129, 4, 4.5, -4]","[209, 129, 4, 4.5, -4]","[209, 129, 4, 4.5, -4]"
"[209, 183, 1, 4.5, -4]","[209, 183, 1, 4.5, -4]","[209, 129, 4, 4.5, -4]","[209, 129, 4, 4.5, -4]"
"[209, 187, -3, 4.5, -4]","[209, 183, 1, 4.5, -4]","[209, 183, 1, 4.5, -4]","[209, 129, 4, 4.5, -4]"
"[209, 187, -3, 4.5, -4]","[209, 187, -3, 4.5, -4]","[209, 183, 1, 4.5, -4]","[209, 183, 1, 4.5, -4]"
"[209, 201, -8, 4.5, -4]","[209, 187, -3, 4.5, -4]","[209, 187, -3, 4.5, -4]","[209, 183, 1, 4.5, -4]"
"[209, 201, -8, 4.5, -4]","[209, 201, -8, 4.5, -4]","[209, 187, -3, 4.5, -4]","[209, 187, -3, 4.5, -4]"
"[209, 201, -8, 4.5, -4]","[209, 201, -8, 4.5, -4]","[209, 201, -8, 4.5, -4]","[209, 187, -3, 4.5, -4]"
"[200, 209, -10, 4.5, -4]","[209, 201, -8, 4.5, -4]","[209, 201, -8, 4.5, -4]","[209, 201, -8, 4.5, -4]"
"[200, 209, -10, 4.5, -4]","[200, 209, -10, 4.5, -4]","[209, 201, -8, 4.5, -4]","[209, 201, -8, 4.5, -4]"
"[200, 209, -10, 4.5, -3]","[200, 209, -10, 4.5, -4]","[200, 209, -10, 4.5, -4]","[209, 201, -8, 4.5, -4]"
"[178, 209, -12, 4.5, -3]","[200, 209, -10, 4.5, -3]","[200, 209, -10, 4.5, -4]","[200, 209, -10, 4.5, -4]"
"[178, 209, -12, 4.5, -3]","[178, 209, -12, 4.5, -3]","[200, 209, -10, 4.5, -3]","[200, 209, -10, 4.5, -4]"
"[178, 209, -12, 4.5, -3]","[178, 209, -12, 4.5, -3]","[178, 209, -12, 4.5, -3]","[200, 209, -10, 4.5, -3]"
"[168, 209, -11, 4.5, -3]","[178, 209, -12, 4.5, -3]","[178, 209, -12, 4.5, -3]","[178, 209, -12, 4.5, -3]"
"[168, 209, -11, 4.5, -3]","[168, 209, -11, 4.5, -3]","[178, 209, -12, 4.5, -3]","[178, 209, -12, 4.5, -3]"
"[168, 209, -11, 4.5, -3]","[168, 209, -11, 4.5, -3]","[168, 209, -11, 4.5, -3]","[178, 209, -12, 4.5, -3]"
"[159, 209, -11, 4.5, -3]","[168, 209, -11, 4.5, -3]","[168, 209, -11, 4.5, -3]","[168, 209, -11, 4.5, -3]"
"[159, 209, -11, 4.5, -3]","[159, 209, -11, 4.5, -3]","[168, 209, -11, 4.5, -3]","[168, 209, -11, 4.5, -3]"
"[159, 209, -11, 4.5, -3]","[159, 209, -11, 4.5, -3]","[159, 209, -11, 4.5, -3]","[168, 209, -11, 4.5, -3]"
"[163, 209, -10, 4.5, -3]","[159, 209, -11, 4.5, -3]","[159, 209, -11, 4.5, -3]","[159, 209, -11, 4.5, -3]"
"[163, 209, -10, 4.5, -2]","[163, 209, -10, 4.5, -3]","[159, 209, -11, 4.5, -3]","[159, 209, -11, 4.5, -3]"
"[163, 209, -9, 4.5, -2]","[163, 209, -10, 4.5, -2]","[163, 209, -10, 4.5, -3]","[159, 209, -11, 4.5, -3]"
"[163, 209, -9, 4.5, -2]","[163, 209, -9, 4.5, -2]","[163, 209, -10, 4.5, -2]","[163, 209, -10, 4.5, -3]"
"[163, 209, -9, 4.5, -2]","[163, 209, -9, 4.5, -2]","[163, 209, -9, 4.5, -2]","[163, 209, -10, 4.5, -2]"
"[167, 209, -5, 4.5, -2]","[163, 209, -9, 4.5, -2]","[163, 209, -9, 4.5, -2]","[163, 209, -9, 4.5, -2]"
"[167, 209, -5, 4.5, -2]","[167, 209, -5, 4.5, -2]","[163, 209, -9, 4.5, -2]","[163, 209, -9, 4.5, -2]"
"[172, 209, -2, 4.5, -2]","[167, 209, -5, 4.5, -2]","[167, 209, -5, 4.5, -2]","[163, 209, -9, 4.5, -2]"
"[172, 209, -2, 4.5, -2]","[172, 209, -2, 4.5, -2]","[167, 209, -5, 4.5, -2]","[167, 209, -5, 4.5, -2]"
"[172, 209, -2, 4.5, -2]","[172, 209, -2, 4.5, -2]","[172, 209, -2, 4.5, -2]","[167, 209, -5, 4.5, -2]"
"[172, 209, -4, 4.5, -2]","[172, 209, -2, 4.5, -2]","[172, 209, -2, 4.5, -2]","[172, 209, -2, 4.5, -2]"
"[172, 209, -4, 4.5, -2]","[172, 209, -4, 4.5, -2]","[172, 209, -2, 4.5, -2]","[172, 209, -2, 4.5, -2]"
"[172, 209, -4, 4.5, -2]","[172, 209, -4, 4.5, -2]","[172, 209, -4, 4.5, -2]","[172, 209, -2, 4.5, -2]"
"[203, 209, 0, 4.5, -2]","[172, 209, -4, 4.5, -2]","[172, 209, -4, 4.5, -2]","[172, 209, -4, 4.5, -2]"
"[203, 209, 0, 4.5, -2]","[203, 209, 0, 4.5, -2]","[172, 209, -4, 4.5, -2]","[172, 209, -4, 4.5, -2]"
"[194, 209, 3, 4.5, -2]","[203, 209, 0, 4.5, -2]","[203, 209, 0, 4.5, -2]","[172, 209, -4, 4.5, -2]"
"[194, 209, 5, 4.5, -2]","[194, 209, 3, 4.5, -2]","[203, 209, 0, 4.5, -2]","[203, 209, 0, 4.5, -2]"
"[194, 209, 5, 4.5, -2]","[194, 209, 5, 4.5, -2]","[194, 209, 3, 4.5, -2]","[203, 209, 0, 4.5, -2]"
"[209, 207, 3, 4.5, -2]","[194, 209, 5, 4.5, -2]","[194, 209, 5, 4.5, -2]","[194, 209, 3, 4.5, -2]"
"[209, 207, 3, 4.5, -2]","[209, 207, 3, 4.5, -2]","[194, 209, 5, 4.5, -2]","[194, 209, 5, 4.5, -2]"
"[209, 207, 3, 4.5, -2]","[209, 207, 3, 4.5, -2]","[209, 207, 3, 4.5, -2]","[194, 209, 5, 4.5, -2]"
"[209, 207, 3, 4.5, -2]","[209, 207, 3, 4.5, -2]","[209, 207, 3, 4.5, -2]","[209, 207, 3, 4.5, -2]"
"[209, 207, 3, 4.5, -2]","[209, 207, 3, 4.5, -2]","[209, 207, 3, 4.5, -2]","[209, 207, 3, 4.5, -2]"
"[209, 193, 5, 4.5, -2]","[209, 207, 3, 4.5, -2]","[209, 207, 3, 4.5, -2]","[209, 207, 3, 4.5, -2]"
"[209, 193, 5, 4.5, -2]","[209, 193, 5, 4.5, -2]","[209, 207, 3, 4.5, -2]","[209, 207, 3, 4.5, -2]"
"[209, 193, 2, 4.5, -2]","[209, 193, 5, 4.5, -2]","[209, 193, 5, 4.5, -2]","[209, 207, 3, 4.5, -2]"
"[209, 193, 2, 4.5, -2]","[209, 193, 2, 4.5, -2]","[209, 193, 5, 4.5, -2]","[209, 193, 5, 4.5, -2]"
"[209, 193, 2, 4.5, -2]","[209, 193, 2, 4.5, -2]","[209, 193, 2, 4.5, -2]","[209, 193, 5, 4.5, -2]"
"[209, 184, -3, 4.5, -2]","[209, 193, 2, 4.5, -2]","[209, 193, 2, 4.5, -2]","[209, 193, 2, 4.5, -2]"
"[209, 184, -3, 4.5, -2]","[209, 184, -3, 4.5, -2]","[209, 193, 2, 4.5, -2]","[209, 193, 2, 4.5, -2]"
"[209, 184, -3, 4.5, -2]","[209, 184, -3, 4.5, -2]","[209, 184, -3, 4.5, -2]","[209, 193, 2, 4.5, -2]"
"[209, 184, -3, 4.5, -2]","[209, 184, -3, 4.5, -2]","[209, 184, -3, 4.5, -2]","[209, 184, -3, 4.5, -2]"
"[209, 198, -8, 4.5, -2]","[209, 184, -3, 4.5, -2]","[209, 184, -3, 4.5, -2]","[209, 184, -3, 4.5, -2]"
"[209, 198, -8, 4.5, -2]","[209, 198, -8, 4.5, -2]","[209, 184, -3, 4.5, -2]","[209, 184, -3, 4.5, -2]"
"[209, 198, -8, 4.5, -2]","[209, 198, -8, 4.5, -2]","[209, 198, -8, 4.5, -2]","[209, 184, -3, 4.5, -2]"
"[199, 209, -9, 4.5, -2]","[209, 198, -8, 4.5, -2]","[209, 198, -8, 4.5, -2]","[209, 198, -8, 4.5, -2]"
"[199, 209, -9, 4.5, -2]","[199, 209, -9, 4.5, -2]","[209, 198, -8, 4.5, -2]","[209, 198, -8, 4.5, -2]"
"[176, 209, -6, 4.5, -2]","[199, 209, -9, 4.5, -2]","[199, 209, -9, 4.5, -2]","[209, 198, -8, 4.5, -2]"
"[176, 209, -6, 4.5, -2]","[176, 209, -6, 4.5, -2]","[199, 209, -9, 4.5, -2]","[199, 209, -9, 4.5, -2]"
"[176, 209, -6, 4.5, -2]","[176, 209, -6, 4.5, -2]","[176, 209, -6, 4.5, -2]","[199, 209, -9, 4.5, -2]"
"[171, 209, -4, 4.5, -2]","[176, 209, -6, 4.5, -2]","[176, 209, -6, 4.5, -2]","[176, 209, -6, 4.5, -2]"
"[171, 209, -4, 4.5, -2]","[171, 209, -4, 4.5, -2]","[176, 209, -6, 4.5, -2]","[176, 209, -6, 4.5, -2]"
"[185, 209, 0, 4.5, -2]","[171, 209, -4, 4.5, -2]","[171, 209, -4, 4.5, -2]","[176, 209, -6, 4.5, -2]"
"[185, 209, 0, 4.5, -2]","[185, 209, 0, 4.5, -2]","[171, 209, -4, 4.5, -2]","[171, 209, -4, 4.5, -2]"
"[185, 209, 0, 4.5, -2]","[185, 209, 0, 4.5, -2]","[185, 209, 0, 4.5, -2]","[171, 209, -4, 4.5, -2]"
"[194, 209, 3, 4.5, -2]","[185, 209, 0, 4.5, -2]","[185, 209, 0, 4.5, -2]","[185, 209, 0, 4.5, -2]"
"[194, 209, 3, 4.5, -2]","[194, 209, 3, 4.5, -2]","[185, 209, 0, 4.5, -2]","[185, 209, 0, 4.5, -2]"
"[194, 209, 3, 4.5, -2]","[194, 209, 3, 4.5, -2]","[194, 209, 3, 4.5, -2]","[185, 209, 0, 4.5, -2]"
"[209, 207, 4, 4.5, -2]","[194, 209, 3, 4.5, -2]","[194, 209, 3, 4.5, -2]","[194, 209, 3, 4.5, -2]"
"[209, 207, 4, 4.5, -2]","[209, 207, 4, 4.5, -2]","[194, 209, 3, 4.5, -2]","[194, 209, 3, 4.5, -2]"
"[209, 207, 4, 4.5, -2]","[209, 207, 4, 4.5, -2]","[209, 207, 4, 4.5, -2]","[194, 209, 3, 4.5, -2]"
"[209, 194, 5, 4.5, -2]","[209, 207, 4, 4.5, -2]","[209, 207, 4, 4.5, -2]","[209, 207, 4, 4.5, -2]"
"[209, 194, 5, 4.5, -2]","[209, 194, 5, 4.5, -2]","[209, 207, 4, 4.5, -2]","[209, 207, 4, 4.5, -2]"
"[209, 189, 5, 4.5, -2]","[209, 194, 5, 4.5, -2]","[209, 194, 5, 4.5, -2]","[209, 207, 4, 4.5, -2]"
"[209, 189, 5, 4.5, -2]","[209, 189, 5, 4.5, -2]","[209, 194, 5, 4.5, -2]","[209, 194, 5, 4.5, -2]"
"[209, 189, 5, 4.5, -2]","[209, 189, 5, 4.5, -2]","[209, 189, 5, 4.5, -2]","[209, 194, 5, 4.5, -2]"
"[209, 185, 7, 4.5, -2]","[209, 189, 5, 4.5, -2]","[209, 189, 5, 4.5, -2]","[209, 189, 5, 4.5, -2]"
"[209, 185, 7, 4.5, -2]","[209, 185, 7, 4.5, -2]","[209, 189, 5, 4.5, -2]","[209, 189, 5, 4.5, -2]"
"[209, 185, 12, 4.5, -2]","[209, 185, 7, 4.5, -2]","[209, 185, 7, 4.5, -2]","[209, 189, 5, 4.5, -2]"
"[209, 185, 12, 4.5, -2]","[209, 185, 12, 4.5, -2]","[209, 185, 7, 4.5, -2]","[209, 185, 7, 4.5, -2]"
"[209, 185, 12, 4.5, -2]","[209, 185, 12, 4.5, -2]","[209, 185, 12, 4.5, -2]","[209, 185, 7, 4.5, -2]"
"[209, 175, 18, 4.5, -2]","[209, 185, 12, 4.5, -2]","[209, 185, 12, 4.5, -2]","[209, 185, 12, 4.5, -2]"
"[209, 175, 18, 4.5, -3]","[209, 175, 18, 4.5, -2]","[209, 185, 12, 4.5, -2]","[209, 185, 12, 4.5, -2]"
"[209, 153, 23, 4.5, -3]","[209, 175, 18, 4.5, -3]","[209, 175, 18, 4.5, -2]","[209, 185, 12, 4.5, -2]"
"[209, 153, 23, 4.5, -3]","[209, 153, 23, 4.5, -3]","[209, 175, 18, 4.5, -3]","[209, 175, 18, 4.5, -2]"
"[209, 153, 23, 4.5, -3]","[209, 153, 23, 4.5, -3]","[209, 153, 23, 4.5, -3]","[209, 175, 18, 4.5, -3]"
"[209, 125, 21, 4.5, -3]","[209, 153, 23, 4.5, -3]","[209, 153, 23, 4.5, -3]","[209, 153, 23, 4.5, -3]"
"[209, 125, 21, 4.5, -3]","[209, 125, 21, 4.5, -3]","[209, 153, 23, 4.5, -3]","[209, 153, 23, 4.5, -3]"
"[209, 125, 21, 4.5, -3]","[209, 125, 21, 4.5, -3]","[209, 125, 21, 4.5, -3]","[209, 153, 23, 4.5, -3]"
"[209, 103, 12, 4.5, -3]","[209, 125, 21, 4.5, -3]","[209, 125, 21, 4.5, -3]","[209, 125, 21, 4.5, -3]"
"[209, 103, 12, 4.5, -4]","[209, 103, 12, 4.5, -3]","[209, 125, 21, 4.5, -3]","[209, 125, 21, 4.5, -3]"
"[209, 111, 8, 4.5, -4]","[209, 103, 12, 4.5, -4]","[209, 103, 12, 4.5, -3]","[209, 125, 21, 4.5, -3]"
"[209, 111, 8, 4.5, -4]","[209, 111, 8, 4.5, -4]","[209, 103, 12, 4.5, -4]","[209, 103, 12, 4.5, -3]"
"[209, 151, 4, 4.5, -4]","[209, 111, 8, 4.5, -4]","[209, 111, 8, 4.5, -4]","[209, 103, 12, 4.5, -4]"
"[209, 151, 4, 4.5, -4]","[209, 151, 4, 4.5, -4]","[209, 111, 8, 4.5, -4]","[209, 111, 8, 4.5, -4]"
"[209, 151, 4, 4.5, -4]","[209, 151, 4, 4.5, -4]","[209, 151, 4, 4.5, -4]","[209, 111, 8, 4.5, -4]"
"[209, 151, 2, 4.5, -4]","[209, 151, 4, 4.5, -4]","[209, 151, 4, 4.5, -4]","[209, 151, 4, 4.5, -4]"
"[209, 151, 2, 4.5, -4]","[209, 151, 2, 4.5, -4]","[209, 151, 4, 4.5, -4]","[209, 151, 4, 4.5, -4]"
"[209, 151, 2, 4.5, -4]","[209, 151, 2, 4.5, -4]","[209, 151, 2, 4.5, -4]","[209, 151, 4, 4.5, -4]"
"[209, 187, 0, 4.5, -4]","[209, 151, 2, 4.5, -4]","[209, 151, 2, 4.5, -4]","[209, 151, 2, 4.5, -4]"
"[209, 187, 0, 4.5, -4]","[209, 187, 0, 4.5, -4]","[209, 151, 2, 4.5, -4]","[209, 151, 2, 4.5, -4]"
"[209, 196, -1, 4.5, -4]","[209, 187, 0, 4.5, -4]","[209, 187, 0, 4.5, -4]","[209, 151, 2, 4.5, -4]"
"[209, 196, -1, 4.5, -4]","[209, 196, -1, 4.5, -4]","[209, 187, 0, 4.5, -4]","[209, 187, 0, 4.5, -4]"
"[209, 196, -1, 4.5, -4]","[209, 196, -1, 4.5, -4]","[209, 196, -1, 4.5, -4]","[209, 187, 0, 4.5, -4]"
"[209, 205, -1, 4.5, -4]","[209, 196, -1, 4.5, -4]","[209, 196, -1, 4.5, -4]","[209, 196, -1, 4.5, -4]"
"[209, 205, -1, 4.5, -4]","[209, 205, -1, 4.5, -4]","[209, 196, -1, 4.5, -4]","[209, 196, -1, 4.5, -4]"
"[209, 209, 1, 4.5, -4]","[209, 205, -1, 4.5, -4]","[209, 205, -1, 4.5, -4]","[209, 196, -1, 4.5, -4]"
"[209, 209, 1, 4.5, -4]","[209, 209, 1, 4.5, -4]","[209, 205, -1, 4.5, -4]","[209, 205, -1, 4.5, -4]"
"[209, 209, 6, 4.5, -4]","[209, 209, 1, 4.5, -4]","[209, 209, 1, 4.5, -4]","[209, 205, -1, 4.5, -4]"
"[209, 209, 6, 4.5, -4]","[209, 209, 6, 4.5, -4]","[209, 209, 1, 4.5, -4]","[209, 209, 1, 4.5, -4]"
"[209, 209, 9, 4.5, -4]","[209, 209, 6, 4.5, -4]","[209, 209, 6, 4.5, -4]","[209, 209, 1, 4.5, -4]"
"[209, 209, 9, 4.5, -4]","[209, 209, 9, 4.5, -4]","[209, 209, 6, 4.5, -4]","[209, 209, 6, 4.5, -4]"
"[209, 209, 9, 4.5, -4]","[209, 209, 9, 4.5, -4]","[209, 209, 9, 4.5, -4]","[209, 209, 6, 4.5, -4]"
"[209, 178, 13, 4.5, -4]","[209, 209, 9, 4.5, -4]","[209, 209, 9, 4.5, -4]","[209, 209, 9, 4.5, -4]"
"[209, 178, 13, 4.5, -4]","[209, 178, 13, 4.5, -4]","[209, 209, 9, 4.5, -4]","[209, 209, 9, 4.5, -4]"
"[209, 178, 13, 4.5, -4]","[209, 178, 13, 4.5, -4]","[209, 178, 13, 4.5, -4]","[209, 209, 9, 4.5, -4]"
"[209, 164, 18, 4.5, -5]","[209, 178, 13, 4.5, -4]","[209, 178, 13, 4.5, -4]","[209, 178, 13, 4.5, -4]"
"[209, 164, 18, 4.5, -5]","[209, 164, 18, 4.5, -5]","[209, 178, 13, 4.5, -4]","[209, 178, 13, 4.5, -4]"
"[209, 146, 21, 4.5, -5]","[209, 164, 18, 4.5, -5]","[209, 164, 18, 4.5, -5]","[209, 178, 13, 4.5, -4]"
"[209, 146, 21, 4.5, -5]","[209, 146, 21, 4.5, -5]","[209, 164, 18, 4.5, -5]","[209, 164, 18, 4.5, -5]"
"[209, 146, 21, 4.5, -5]","[209, 146, 21, 4.5, -5]","[209, 146, 21, 4.5, -5]","[209, 164, 18, 4.5, -5]"
"[209, 123, 17, 4.5, -5]","[209, 146, 21, 4.5, -5]","[209, 146, 21, 4.5, -5]","[209, 146, 21, 4.5, -5]"
"[209, 123, 17, 4.5, -5]","[209, 123, 17, 4.5, -5]","[209, 146, 21, 4.5, -5]","[209, 146, 21, 4.5, -5]"
"[209, 123, 17, 4.5, -6]","[209, 123, 17, 4.5, -5]","[209, 123, 17, 4.5, -5]","[209, 146, 21, 4.5, -5]"
"[209, 109, 11, 4.5, -6]","[209, 123, 17, 4.5, -6]","[209, 123, 17, 4.5, -5]","[209, 123, 17, 4.5, -5]"
"[209, 109, 11, 4.5, -6]","[209, 109, 11, 4.5, -6]","[209, 123, 17, 4.5, -6]","[209, 123, 17, 4.5, -5]"
"[209, 127, 6, 4.5, -6]","[209, 109, 11, 4.5, -6]","[209, 109, 11, 4.5, -6]","[209, 123, 17, 4.5, -6]"
"[209, 127, 6, 4.5, -6]","[209, 127, 6, 4.5, -6]","[209, 109, 11, 4.5, -6]","[209, 109, 11, 4.5, -6]"
"[209, 127, 6, 4.5, -6]","[209, 127, 6, 4.5, -6]","[209, 127, 6, 4.5, -6]","[209, 109, 11, 4.5, -6]"
"[209, 127, 6, 4.5, -6]","[209, 127, 6, 4.5, -6]","[209, 127, 6, 4.5, -6]","[209, 127, 6, 4.5, -6]"
"[209, 176, 1, 4.5, -6]","[209, 127, 6, 4.5, -6]","[209, 127, 6, 4.5, -6]","[209, 127, 6, 4.5, -6]"
"[209, 176, 1, 4.5, -6]","[209, 176, 1, 4.5, -6]","[209, 127, 6, 4.5, -6]","[209, 127, 6, 4.5, -6]"
"[209, 176, 1, 4.5, -6]","[209, 176, 1, 4.5, -6]","[209, 176, 1, 4.5, -6]","[209, 127, 6, 4.5, -6]"
"[209, 176, 1, 4.5, -6]","[209, 176, 1, 4.5, -6]","[209, 176, 1, 4.5, -6]","[209, 176, 1, 4.5, -6]"
"[209, 176, 1, 4.5, -6]","[209, 176, 1, 4.5, -6]","[209, 176, 1, 4.5, -6]","[209, 176, 1, 4.5, -6]"
"[209, 198, 0, 4.5, -6]","[209, 176, 1, 4.5, -6]","[209, 176, 1, 4.5, -6]","[209, 176, 1, 4.5, -6]"
"[209, 198, 0, 4.5, -6]","[209, 198, 0, 4.5, -6]","[209, 176, 1, 4.5, -6]","[209, 176, 1, 4.5, -6]"
"[209, 198, 0, 4.5, -6]","[209, 198, 0, 4.5, -6]","[209, 198, 0, 4.5, -6]","[209, 176, 1, 4.5, -6]"
"[209, 198, 1, 4.5, -6]","[209, 198, 0, 4.5, -6]","[209, 198, 0, 4.5, -6]","[209, 198, 0, 4.5, -6]"
"[209, 198, 1, 4.5, -6]","[209, 198, 1, 4.5, -6]","[209, 198, 0, 4.5, -6]","[209, 198, 0, 4.5, -6]"
"[209, 198, 1, 4.5, -6]","[209, 198, 1, 4.5, -6]","[209, 198, 1, 4.5, -6]","[209, 198, 0, 4.5, -6]"
"[209, 203, 6, 4.5, -6]","[209, 198, 1, 4.5, -6]","[209, 198, 1, 4.5, -6]","[209, 198, 1, 4.5, -6]"
"[209, 203, 6, 4.5, -6]","[209, 203, 6, 4.5, -6]","[209, 198, 1, 4.5, -6]","[209, 198, 1, 4.5, -6]"
"[209, 198, 11, 4.5, -6]","[209, 203, 6, 4.5, -6]","[209, 203, 6, 4.5, -6]","[209, 198, 1, 4.5, -6]"
"[209, 198, 11, 4.5, -6]","[209, 198, 11, 4.5, -6]","[209, 203, 6, 4.5, -6]","[209, 203, 6, 4.5, -6]"
"[209, 198, 14, 4.5, -6]","[209, 198, 11, 4.5, -6]","[209, 198, 11, 4.5, -6]","[209, 203, 6, 4.5, -6]"
"[209, 198, 14, 4.5, -6]","[209, 198, 14, 4.5, -6]","[209, 198, 11, 4.5, -6]","[209, 198, 11, 4.5, -6]"
"[209, 198, 14, 4.5, -7]","[209, 198, 14, 4.5, -6]","[209, 198, 14, 4.5, -6]","[209, 198, 11, 4.5, -6]"
"[209, 153, 14, 4.5, -7]","[209, 198, 14, 4.5, -7]","[209, 198, 14, 4.5, -6]","[209, 198, 14, 4.5, -6]"
"[209, 153, 14, 4.5, -7]","[209, 153, 14, 4.5, -7]","[209, 198, 14, 4.5, -7]","[209, 198, 14, 4.5, -6]"
"[209, 153, 11, 4.5, -7]","[209, 153, 14, 4.5, -7]","[209, 153, 14, 4.5, -7]","[209, 198, 14, 4.5, -7]"
"[209, 153, 11, 4.5, -7]","[209, 153, 11, 4.5, -7]","[209, 153, 14, 4.5, -7]","[209, 153, 14, 4.5, -7]"
"[209, 153, 11, 4.5, -7]","[209, 153, 11, 4.5, -7]","[209, 153, 11, 4.5, -7]","[209, 153, 14, 4.5, -7]"
"[209, 139, 9, 4.5, -7]","[209, 153, 11, 4.5, -7]","[209, 153, 11, 4.5, -7]","[209, 153, 11, 4.5, -7]"
"[209, 139, 9, 4.5, -7]","[209, 139, 9, 4.5, -7]","[209, 153, 11, 4.5, -7]","[209, 153, 11, 4.5, -7]"
"[209, 153, 4, 4.5, -7]","[209, 139, 9, 4.5, -7]","[209, 139, 9, 4.5, -7]","[209, 153, 11, 4.5, -7]"
"[209, 153, 4, 4.5, -7]","[209, 153, 4, 4.5, -7]","[209, 139, 9, 4.5, -7]","[209, 139, 9, 4.5, -7]"
"[209, 153, 4, 4.5, -7]","[209, 153, 4, 4.5, -7]","[209, 153, 4, 4.5, -7]","[209, 139, 9, 4.5, -7]"
"[209, 161, 2, 4.5, -7]","[209, 153, 4, 4.5, -7]","[209, 153, 4, 4.5, -7]","[209, 153, 4, 4.5, -7]"
"[209, 161, 2, 4.5, -7]","[209, 161, 2, 4.5, -7]","[209, 153, 4, 4.5, -7]","[209, 153, 4, 4.5, -7]"
"[209, 161, 2, 4.5, -7]","[209, 161, 2, 4.5, -7]","[209, 161, 2, 4.5, -7]","[209, 153, 4, 4.5, -7]"
"[209, 184, 2, 4.5, -7]","[209, 161, 2, 4.5, -7]","[209, 161, 2, 4.5, -7]","[209, 161, 2, 4.5, -7]"
"[209, 184, 2, 4.5, -7]","[209, 184, 2, 4.5, -7]","[209, 161, 2, 4.5, -7]","[209, 161, 2, 4.5, -7]"
"[209, 184, 2, 4.5, -7]","[209, 184, 2, 4.5, -7]","[209, 184, 2, 4.5, -7]","[209, 161, 2, 4.5, -7]"
"[209, 193, 1, 4.5, -7]","[209, 184, 2, 4.5, -7]","[209, 184, 2, 4.5, -7]","[209, 184, 2, 4.5, -7]"
"[209, 193, 1, 4.5, -8]","[209, 193, 1, 4.5, -7]","[209, 184, 2, 4.5, -7]","[209, 184, 2, 4.5, -7]"
"[209, 193, 1, 4.5, -8]","[209, 193, 1, 4.5, -8]","[209, 193, 1, 4.5, -7]","[209, 184, 2, 4.5, -7]"
"[209, 193, 1, 4.5, -8]","[209, 193, 1, 4.5, -8]","[209, 193, 1, 4.5, -8]","[209, 193, 1, 4.5, -7]"
"[209, 193, -3, 4.5, -8]","[209, 193, 1, 4.5, -8]","[209, 193, 1, 4.5, -8]","[209, 193, 1, 4.5, -8]"
"[209, 193, -3, 4.5, -7]","[209, 193, -3, 4.5, -8]","[209, 193, 1, 4.5, -8]","[209, 193, 1, 4.5, -8]"
"[209, 197, -7, 4.5, -7]","[209, 193, -3, 4.5, -7]","[209, 193, -3, 4.5, -8]","[209, 193, 1, 4.5, -8]"
"[209, 197, -7, 4.5, -7]","[209, 197, -7, 4.5, -7]","[209, 193, -3, 4.5, -7]","[209, 193, -3, 4.5, -8]"
"[204, 209, -7, 4.5, -7]","[209, 197, -7, 4.5, -7]","[209, 197, -7, 4.5, -7]","[209, 193, -3, 4.5, -7]"
"[204, 209, -7, 4.5, -7]","[204, 209, -7, 4.5, -7]","[209, 197, -7, 4.5, -7]","[209, 197, -7, 4.5, -7]"
"[186, 209, -8, 4.5, -7]","[204, 209, -7, 4.5, -7]","[204, 209, -7, 4.5, -7]","[209, 197, -7, 4.5, -7]"
"[186, 209, -8, 4.5, -7]","[186, 209, -8, 4.5, -7]","[204, 209, -7, 4.5, -7]","[204, 209, -7, 4.5, -7]"
"[186, 209, -8, 4.5, -7]","[186, 209, -8, 4.5, -7]","[186, 209, -8, 4.5, -7]","[204, 209, -7, 4.5, -7]"
"[186, 209, -3, 4.5, -7]","[186, 209, -8, 4.5, -7]","[186, 209, -8, 4.5, -7]","[186, 209, -8, 4.5, -7]"
"[186, 209, -3, 4.5, -7]","[186, 209, -3, 4.5, -7]","[186, 209, -8, 4.5, -7]","[186, 209, -8, 4.5, -7]"
"[186, 209, -3, 4.5, -7]","[186, 209, -3, 4.5, -7]","[186, 209, -3, 4.5, -7]","[186, 209, -8, 4.5, -7]"
"[181, 209, 2, 4.5, -7]","[186, 209, -3, 4.5, -7]","[186, 209, -3, 4.5, -7]","[186, 209, -3, 4.5, -7]"
"[181, 209, 2, 4.5, -7]","[181, 209, 2, 4.5, -7]","[186, 209, -3, 4.5, -7]","[186, 209, -3, 4.5, -7]"
"[204, 209, 6, 4.5, -7]","[181, 209, 2, 4.5, -7]","[181, 209, 2, 4.5, -7]","[186, 209, -3, 4.5, -7]"
"[204, 209, 6, 4.5, -7]","[204, 209, 6, 4.5, -7]","[181, 209, 2, 4.5, -7]","[181, 209, 2, 4.5, -7]"
"[203, 209, 12, 4.5, -7]","[204, 209, 6, 4.5, -7]","[204, 209, 6, 4.5, -7]","[181, 209, 2, 4.5, -7]"
"[203, 209, 12, 4.5, -7]","[203, 209, 12, 4.5, -7]","[204, 209, 6, 4.5, -7]","[204, 209, 6, 4.5, -7]"
"[203, 209, 12, 4.5, -7]","[203, 209, 12, 4.5, -7]","[203, 209, 12, 4.5, -7]","[204, 209, 6, 4.5, -7]"
"[209, 175, 17, 4.5, -7]","[203, 209, 12, 4.5, -7]","[203, 209, 12, 4.5, -7]","[203, 209, 12, 4.5, -7]"
"[209, 175, 17, 4.5, -8]","[209, 175, 17, 4.5, -7]","[203, 209, 12, 4.5, -7]","[203, 209, 12, 4.5, -7]"
"[209, 148, 24, 4.5, -8]","[209, 175, 17, 4.5, -8]","[209, 175, 17, 4.5, -7]","[203, 209, 12, 4.5, -7]"
"[209, 148, 24, 4.5, -8]","[209, 148, 24, 4.5, -8]","[209, 175, 17, 4.5, -8]","[209, 175, 17, 4.5, -7]"
"[209, 148, 24, 4.5, -8]","[209, 148, 24, 4.5, -8]","[209, 148, 24, 4.5, -8]","[209, 175, 17, 4.5, -8]"
"[209, 148, 28, 4.5, -8]","[209, 148, 24, 4.5, -8]","[209, 148, 24, 4.5, -8]","[209, 148, 24, 4.5, -8]"
"[209, 148, 28, 4.5, -8]","[209, 148, 28, 4.5, -8]","[209, 148, 24, 4.5, -8]","[209, 148, 24, 4.5, -8]"
"[209, 148, 28, 4.5, -9]","[209, 148, 28, 4.5, -8]","[209, 148, 28, 4.5, -8]","[209, 148, 24, 4.5, -8]"
"[209, 93, 28, 4.5, -9]","[209, 148, 28, 4.5, -9]","[209, 148, 28, 4.5, -8]","[209, 148, 28, 4.5, -8]"
"[209, 93, 28, 4.5, -9]","[209, 93, 28, 4.5, -9]","[209, 148, 28, 4.5, -9]","[209, 148, 28, 4.5, -8]"
"[209, 93, 28, 4.5, -9]","[209, 93, 28, 4.5, -9]","[209, 93, 28, 4.5, -9]","[209, 148, 28, 4.5, -9]"
"[209, 75, 19, 4.5, -10]","[209, 93, 28, 4.5, -9]","[209, 93, 28, 4.5, -9]","[209, 93, 28, 4.5, -9]"
"[209, 75, 19, 4.5, -10]","[209, 75, 19, 4.5, -10]","[209, 93, 28, 4.5, -9]","[209, 93, 28, 4.5, -9]"
"[209, 74, 11, 4.5, -10]","[209, 75, 19, 4.5, -10]","[209, 75, 19, 4.5, -10]","[209, 93, 28, 4.5, -9]"
"[209, 74, 11, 4.5, -10]","[209, 74, 11, 4.5, -10]","[209, 75, 19, 4.5, -10]","[209, 75, 19, 4.5, -10]"
"[209, 74, 11, 4.5, -10]","[209, 74, 11, 4.5, -10]","[209, 74, 11, 4.5, -10]","[209, 75, 19, 4.5, -10]"
"[209, 114, 3, 4.5, -10]","[209, 74, 11, 4.5, -10]","[209, 74, 11, 4.5, -10]","[209, 74, 11, 4.5, -10]"
"[209, 114, 3, 4.5, -10]","[209, 114, 3, 4.5, -10]","[209, 74, 11, 4.5, -10]","[209, 74, 11, 4.5, -10]"
"[209, 114, 3, 4.5, -10]","[209, 114, 3, 4.5, -10]","[209, 114, 3, 4.5, -10]","[209, 74, 11, 4.5, -10]"
"[9, 150, -2, 4.5, -10]","[209, 114, 3, 4.5, -10]","[209, 114, 3, 4.5, -10]","[209, 114, 3, 4.5, -10]"
"[9, 150, -2, 4.5, -10]","[9, 150, -2, 4.5, -10]","[209, 114, 3, 4.5, -10]","[209, 114, 3, 4.5, -10]"
"[9, 150, -2, 4.5, -10]","[9, 150, -2, 4.5, -10]","[9, 150, -2, 4.5, -10]","[209, 114, 3, 4.5, -10]"
"[209, 185, -10, 4.5, -10]","[9, 150, -2, 4.5, -10]","[9, 150, -2, 4.5, -10]","[9, 150, -2, 4.5, -10]"
"[209, 185, -10, 4.5, -10]","[209, 185, -10, 4.5, -10]","[9, 150, -2, 4.5, -10]","[9, 150, -2, 4.5, -10]"
"[209, 185, -10, 4.5, -10]","[209, 185, -10, 4.5, -10]","[209, 185, -10, 4.5, -10]","[9, 150, -2, 4.5, -10]"
"[209, 208, -15, 4.5, -10]","[209, 185, -10, 4.5, -10]","[209, 185, -10, 4.5, -10]","[209, 185, -10, 4.5, -10]"
"[175, 209, -17, 4.5, -10]","[209, 208, -15, 4.5, -10]","[209, 185, -10, 4.5, -10]","[209, 185, -10, 4.5, -10]"
"[175, 209, -15, 4.5, -10]","[175, 209, -17, 4.5, -10]","[209, 208, -15, 4.5, -10]","[209, 185, -10, 4.5, -10]"
"[175, 209, -15, 4.5, -10]","[175, 209, -15, 4.5, -10]","[175, 209, -17, 4.5, -10]","[209, 208, -15, 4.5, -10]"
"[175, 209, -15, 4.5, -9]","[175, 209, -15, 4.5, -10]","[175, 209, -15, 4.5, -10]","[175, 209, -17, 4.5, -10]"
"[175, 209, -13, 4.5, -9]","[175, 209, -15, 4.5, -9]","[175, 209, -15, 4.5, -10]","[175, 209, -15, 4.5, -10]"
"[175, 209, -13, 4.5, -9]","[175, 209, -13, 4.5, -9]","[175, 209, -15, 4.5, -9]","[175, 209, -15, 4.5, -10]"
"[175, 209, -13, 4.5, -9]","[175, 209, -13, 4.5, -9]","[175, 209, -13, 4.5, -9]","[175, 209, -15, 4.5, -9]"
"[152, 209, -11, 4.5, -9]","[175, 209, -13, 4.5, -9]","[175, 209, -13, 4.5, -9]","[175, 209, -13, 4.5, -9]"
"[152, 209, -11, 4.5, -9]","[152, 209, -11, 4.5, -9]","[175, 209, -13, 4.5, -9]","[175, 209, -13, 4.5, -9]"
"[152, 209, -11, 4.5, -9]","[152, 209, -11, 4.5, -9]","[152, 209, -11, 4.5, -9]","[175, 209, -13, 4.5, -9]"
"[161, 209, -10, 4.5, -9]","[152, 209, -11, 4.5, -9]","[152, 209, -11, 4.5, -9]","[152, 209, -11, 4.5, -9]"
"[161, 209, -10, 4.5, -9]","[161, 209, -10, 4.5, -9]","[152, 209, -11, 4.5, -9]","[152, 209, -11, 4.5, -9]"
"[169, 209, -9, 4.5, -9]","[161, 209, -10, 4.5, -9]","[161, 209, -10, 4.5, -9]","[152, 209, -11, 4.5, -9]"
"[169, 209, -9, 4.5, -8]","[169, 209, -9, 4.5, -9]","[161, 209, -10, 4.5, -9]","[161, 209, -10, 4.5, -9]"
"[169, 209, -9, 4.5, -8]","[169, 209, -9, 4.5, -8]","[169, 209, -9, 4.5, -9]","[161, 209, -10, 4.5, -9]"
"[169, 209, -6, 4.5, -8]","[169, 209, -9, 4.5, -8]","[169, 209, -9, 4.5, -8]","[169, 209, -9, 4.5, -9]"
"[169, 209, -6, 4.5, -8]","[169, 209, -6, 4.5, -8]","[169, 209, -9, 4.5, -8]","[169, 209, -9, 4.5, -8]"
"[169, 209, -6, 4.5, -8]","[169, 209, -6, 4.5, -8]","[169, 209, -6, 4.5, -8]","[169, 209, -9, 4.5, -8]"
"[178, 209, -3, 4.5, -8]","[169, 209, -6, 4.5, -8]","[169, 209, -6, 4.5, -8]","[169, 209, -6, 4.5, -8]"
"[178, 209, -3, 4.5, -8]","[178, 209, -3, 4.5, -8]","[169, 209, -6, 4.5, -8]","[169, 209, -6, 4.5, -8]"
"[178, 209, -3, 4.5, -8]","[178, 209, -3, 4.5, -8]","[178, 209, -3, 4.5, -8]","[169, 209, -6, 4.5, -8]"
"[191, 209, 0, 4.5, -8]","[178, 209, -3, 4.5, -8]","[178, 209, -3, 4.5, -8]","[178, 209, -3, 4.5, -8]"
"[191, 209, 0, 4.5, -8]","[191, 209, 0, 4.5, -8]","[178, 209, -3, 4.5, -8]","[178, 209, -3, 4.5, -8]"
"[205, 209, 1, 4.5, -8]","[191, 209, 0, 4.5, -8]","[191, 209, 0, 4.5, -8]","[178, 209, -3, 4.5, -8]"
"[205, 209, 1, 4.5, -8]","[205, 209, 1, 4.5, -8]","[191, 209, 0, 4.5, -8]","[191, 209, 0, 4.5, -8]"
"[205, 209, 1, 4.5, -8]","[205, 209, 1, 4.5, -8]","[205, 209, 1, 4.5, -8]","[191, 209, 0, 4.5, -8]"
"[205, 209, 1, 4.5, -8]","[205, 209, 1, 4.5, -8]","[205, 209, 1, 4.5, -8]","[205, 209, 1, 4.5, -8]"
"[209, 201, 1, 4.5, -8]","[205, 209, 1, 4.5, -8]","[205, 209, 1, 4.5, -8]","[205, 209, 1, 4.5, -8]"
"[209, 201, 1, 4.5, -8]","[209, 201, 1, 4.5, -8]","[205, 209, 1, 4.5, -8]","[205, 209, 1, 4.5, -8]"
"[209, 201, 1, 4.5, -8]","[209, 201, 1, 4.5, -8]","[209, 201, 1, 4.5, -8]","[205, 209, 1, 4.5, -8]"
"[209, 201, 1, 4.5, -8]","[209, 201, 1, 4.5, -8]","[209, 201, 1, 4.5, -8]","[209, 201, 1, 4.5, -8]"
"[209, 196, -4, 4.5, -8]","[209, 201, 1, 4.5, -8]","[209, 201, 1, 4.5, -8]","[209, 201, 1, 4.5, -8]"
"[209, 196, -4, 4.5, -8]","[209, 196, -4, 4.5, -8]","[209, 201, 1, 4.5, -8]","[209, 201, 1, 4.5, -8]"
"[209, 196, -4, 4.5, -8]","[209, 196, -4, 4.5, -8]","[209, 196, -4, 4.5, -8]","[209, 201, 1, 4.5, -8]"
"[209, 196, -9, 4.5, -8]","[209, 196, -4, 4.5, -8]","[209, 196, -4, 4.5, -8]","[209, 196, -4, 4.5, -8]"
"[209, 196, -9, 4.5, -8]","[209, 196, -9, 4.5, -8]","[209, 196, -4, 4.5, -8]","[209, 196, -4, 4.5, -8]"
"[200, 209, -14, 4.5, -8]","[209, 196, -9, 4.5, -8]","[209, 196, -9, 4.5, -8]","[209, 196, -4, 4.5, -8]"
"[200, 209, -14, 4.5, -8]","[200, 209, -14, 4.5, -8]","[209, 196, -9, 4.5, -8]","[209, 196, -9, 4.5, -8]"
"[200, 209, -14, 4.5, -8]","[200, 209, -14, 4.5, -8]","[200, 209, -14, 4.5, -8]","[209, 196, -9, 4.5, -8]"
"[177, 209, -15, 4.5, -8]","[200, 209, -14, 4.5, -8]","[200, 209, -14, 4.5, -8]","[200, 209, -14, 4.5, -8]"
"[177, 209, -15, 4.5, -7]","[177, 209, -15, 4.5, -8]","[200, 209, -14, 4.5, -8]","[200, 209, -14, 4.5, -8]"
"[177, 209, -15, 4.5, -7]","[177, 209, -15, 4.5, -7]","[177, 209, -15, 4.5, -8]","[200, 209, -14, 4.5, -8]"
"[155, 209, -12, 4.5, -7]","[177, 209, -15, 4.5, -7]","[177, 209, -15, 4.5, -7]","[177, 209, -15, 4.5, -8]"
"[155, 209, -12, 4.5, -7]","[155, 209, -12, 4.5, -7]","[177, 209, -15, 4.5, -7]","[177, 209, -15, 4.5, -7]"
"[155, 209, -12, 4.5, -7]","[155, 209, -12, 4.5, -7]","[155, 209, -12, 4.5, -7]","[177, 209, -15, 4.5, -7]"
"[150, 209, -7, 4.5, -7]","[155, 209, -12, 4.5, -7]","[155, 209, -12, 4.5, -7]","[155, 209, -12, 4.5, -7]"
"[150, 209, -7, 4.5, -7]","[150, 209, -7, 4.5, -7]","[155, 209, -12, 4.5, -7]","[155, 209, -12, 4.5, -7]"
"[163, 209, -5, 4.5, -7]","[150, 209, -7, 4.5, -7]","[150, 209, -7, 4.5, -7]","[155, 209, -12, 4.5, -7]"
"[163, 209, -5, 4.5, -7]","[163, 209, -5, 4.5, -7]","[150, 209, -7, 4.5, -7]","[150, 209, -7, 4.5, -7]"
"[185, 209, -6, 4.5, -7]","[163, 209, -5, 4.5, -7]","[163, 209, -5, 4.5, -7]","[150, 209, -7, 4.5, -7]"
"[185, 209, -6, 4.5, -7]","[185, 209, -6, 4.5, -7]","[163, 209, -5, 4.5, -7]","[163, 209, -5, 4.5, -7]"
"[185, 209, -6, 4.5, -7]","[185, 209, -6, 4.5, -7]","[185, 209, -6, 4.5, -7]","[163, 209, -5, 4.5, -7]"
"[194, 209, -7, 4.5, -7]","[185, 209, -6, 4.5, -7]","[185, 209, -6, 4.5, -7]","[185, 209, -6, 4.5, -7]"
"[194, 209, -7, 4.5, -7]","[194, 209, -7, 4.5, -7]","[185, 209, -6, 4.5, -7]","[185, 209, -6, 4.5, -7]"
"[194, 209, -7, 4.5, -7]","[194, 209, -7, 4.5, -7]","[194, 209, -7, 4.5, -7]","[185, 209, -6, 4.5, -7]"
"[190, 209, -8, 4.5, -6]","[194, 209, -7, 4.5, -7]","[194, 209, -7, 4.5, -7]","[194, 209, -7, 4.5, -7]"
"[190, 209, -8, 4.5, -6]","[190, 209, -8, 4.5, -6]","[194, 209, -7, 4.5, -7]","[194, 209, -7, 4.5, -7]"
"[185, 209, -8, 4.5, -6]","[190, 209, -8, 4.5, -6]","[190, 209, -8, 4.5, -6]","[194, 209, -7, 4.5, -7]"
"[185, 209, -8, 4.5, -6]","[185, 209, -8, 4.5, -6]","[190, 209, -8, 4.5, -6]","[190, 209, -8, 4.5, -6]"
"[180, 209, -6, 4.5, -6]","[185, 209, -8, 4.5, -6]","[185, 209, -8, 4.5, -6]","[190, 209, -8, 4.5, -6]"
"[180, 209, -6, 4.5, -6]","[180, 209, -6, 4.5, -6]","[185, 209, -8, 4.5, -6]","[185, 209, -8, 4.5, -6]"
"[180, 209, -8, 4.5, -6]","[180, 209, -6, 4.5, -6]","[180, 209, -6, 4.5, -6]","[185, 209, -8, 4.5, -6]"
"[180, 209, -8, 4.5, -6]","[180, 209, -8, 4.5, -6]","[180, 209, -6, 4.5, -6]","[180, 209, -6, 4.5, -6]"
"[180, 209, -8, 4.5, -6]","[180, 209, -8, 4.5, -6]","[180, 209, -8, 4.5, -6]","[180, 209, -6, 4.5, -6]"
"[189, 209, -7, 4.5, -6]","[180, 209, -8, 4.5, -6]","[180, 209, -8, 4.5, -6]","[180, 209, -8, 4.5, -6]"
"[189, 209, -7, 4.5, -6]","[189, 209, -7, 4.5, -6]","[180, 209, -8, 4.5, -6]","[180, 209, -8, 4.5, -6]"
"[180, 209, -5, 4.5, -6]","[189, 209, -7, 4.5, -6]","[189, 209, -7, 4.5, -6]","[180, 209, -8, 4.5, -6]"
"[180, 209, -5, 4.5, -6]","[180, 209, -5, 4.5, -6]","[189, 209, -7, 4.5, -6]","[189, 209, -7, 4.5, -6]"
"[180, 209, -3, 4.5, -6]","[180, 209, -5, 4.5, -6]","[180, 209, -5, 4.5, -6]","[189, 209, -7, 4.5, -6]"
"[180, 209, -3, 4.5, -6]","[180, 209, -3, 4.5, -6]","[180, 209, -5, 4.5, -6]","[180, 209, -5, 4.5, -6]"
"[193, 209, -6, 4.5, -6]","[180, 209, -3, 4.5, -6]","[180, 209, -3, 4.5, -6]","[180, 209, -5, 4.5, -6]"
"[193, 209, -6, 4.5, -6]","[193, 209, -6, 4.5, -6]","[180, 209, -3, 4.5, -6]","[180, 209, -3, 4.5, -6]"
"[202, 209, -4, 4.5, -6]","[193, 209, -6, 4.5, -6]","[193, 209, -6, 4.5, -6]","[180, 209, -3, 4.5, -6]"
"[202, 209, -4, 4.5, -6]","[202, 209, -4, 4.5, -6]","[193, 209, -6, 4.5, -6]","[193, 209, -6, 4.5, -6]"
"[202, 209, -2, 4.5, -6]","[202, 209, -4, 4.5, -6]","[202, 209, -4, 4.5, -6]","[193, 209, -6, 4.5, -6]"
"[202, 209, -2, 4.5, -6]","[202, 209, -2, 4.5, -6]","[202, 209, -4, 4.5, -6]","[202, 209, -4, 4.5, -6]"
"[202, 209, -2, 4.5, -5]","[202, 209, -2, 4.5, -6]","[202, 209, -2, 4.5, -6]","[202, 209, -4, 4.5, -6]"
"[189, 209, -6, 4.5, -5]","[202, 209, -2, 4.5, -5]","[202, 209, -2, 4.5, -6]","[202, 209, -2, 4.5, -6]"
"[207, 209, -4, 4.5, -5]","[189, 209, -6, 4.5, -5]","[202, 209, -2, 4.5, -5]","[202, 209, -2, 4.5, -6]"
"[207, 209, -4, 4.5, -5]","[207, 209, -4, 4.5, -5]","[189, 209, -6, 4.5, -5]","[202, 209, -2, 4.5, -5]"
"[207, 209, -4, 4.5, -5]","[207, 209, -4, 4.5, -5]","[207, 209, -4, 4.5, -5]","[189, 209, -6, 4.5, -5]"
"[206, 209, -3, 4.5, -5]","[207, 209, -4, 4.5, -5]","[207, 209, -4, 4.5, -5]","[207, 209, -4, 4.5, -5]"
"[206, 209, -3, 4.5, -5]","[206, 209, -3, 4.5, -5]","[207, 209, -4, 4.5, -5]","[207, 209, -4, 4.5, -5]"
"[197, 209, -6, 4.5, -5]","[206, 209, -3, 4.5, -5]","[206, 209, -3, 4.5, -5]","[207, 209, -4, 4.5, -5]"
"[197, 209, -6, 4.5, -5]","[197, 209, -6, 4.5, -5]","[206, 209, -3, 4.5, -5]","[206, 209, -3, 4.5, -5]"
"[197, 209, -6, 4.5, -5]","[197, 209, -6, 4.5, -5]","[197, 209, -6, 4.5, -5]","[206, 209, -3, 4.5, -5]"
"[197, 209, -8, 4.5, -5]","[197, 209, -6, 4.5, -5]","[197, 209, -6, 4.5, -5]","[197, 209, -6, 4.5, -5]"
"[197, 209, -8, 4.5, -5]","[197, 209, -8, 4.5, -5]","[197, 209, -6, 4.5, -5]","[197, 209, -6, 4.5, -5]"
"[197, 209, -8, 4.5, -5]","[197, 209, -8, 4.5, -5]","[197, 209, -8, 4.5, -5]","[197, 209, -6, 4.5, -5]"
"[188, 209, -9, 4.5, -5]","[197, 209, -8, 4.5, -5]","[197, 209, -8, 4.5, -5]","[197, 209, -8, 4.5, -5]"
"[188, 209, -9, 4.5, -5]","[188, 209, -9, 4.5, -5]","[197, 209, -8, 4.5, -5]","[197, 209, -8, 4.5, -5]"
"[188, 209, -9, 4.5, -5]","[188, 209, -9, 4.5, -5]","[188, 209, -9, 4.5, -5]","[197, 209, -8, 4.5, -5]"
"[179, 209, -10, 4.5, -5]","[188, 209, -9, 4.5, -5]","[188, 209, -9, 4.5, -5]","[188, 209, -9, 4.5, -5]"
"[179, 209, -10, 4.5, -5]","[179, 209, -10, 4.5, -5]","[188, 209, -9, 4.5, -5]","[188, 209, -9, 4.5, -5]"
"[174, 209, -10, 4.5, -5]","[179, 209, -10, 4.5, -5]","[179, 209, -10, 4.5, -5]","[188, 209, -9, 4.5, -5]"
"[174, 209, -10, 4.5, -5]","[174, 209, -10, 4.5, -5]","[179, 209, -10, 4.5, -5]","[179, 209, -10, 4.5, -5]"
"[174, 209, -10, 4.5, -5]","[174, 209, -10, 4.5, -5]","[174, 209, -10, 4.5, -5]","[179, 209, -10, 4.5, -5]"
"[170, 209, -7, 4.5, -5]","[174, 209, -10, 4.5, -5]","[174, 209, -10, 4.5, -5]","[174, 209, -10, 4.5, -5]"
"[170, 209, -7, 4.5, -5]","[170, 209, -7, 4.5, -5]","[174, 209, -10, 4.5, -5]","[174, 209, -10, 4.5, -5]"
"[170, 209, -4, 4.5, -4]","[170, 209, -7, 4.5, -5]","[170, 209, -7, 4.5, -5]","[174, 209, -10, 4.5, -5]"
"[170, 209, -4, 4.5, -4]","[170, 209, -4, 4.5, -4]","[170, 209, -7, 4.5, -5]","[170, 209, -7, 4.5, -5]"
"[170, 209, -4, 4.5, -4]","[170, 209, -4, 4.5, -4]","[170, 209, -4, 4.5, -4]","[170, 209, -7, 4.5, -5]"
"[170, 209, -3, 4.5, -4]","[170, 209, -4, 4.5, -4]","[170, 209, -4, 4.5, -4]","[170, 209, -4, 4.5, -4]"
"[170, 209, -3, 4.5, -4]","[170, 209, -3, 4.5, -4]","[170, 209, -4, 4.5, -4]","[170, 209, -4, 4.5, -4]"
"[170, 209, -3, 4.5, -4]","[170, 209, -3, 4.5, -4]","[170, 209, -3, 4.5, -4]","[170, 209, -4, 4.5, -4]"
"[196, 209, 0, 4.5, -4]","[170, 209, -3, 4.5, -4]","[170, 209, -3, 4.5, -4]","[170, 209, -3, 4.5, -4]"
"[196, 209, 0, 4.5, -4]","[196, 209, 0, 4.5, -4]","[170, 209, -3, 4.5, -4]","[170, 209, -3, 4.5, -4]"
"[201, 209, -1, 4.5, -4]","[196, 209, 0, 4.5, -4]","[196, 209, 0, 4.5, -4]","[170, 209, -3, 4.5, -4]"
"[201, 209, -1, 4.5, -4]","[201, 209, -1, 4.5, -4]","[196, 209, 0, 4.5, -4]","[196, 209, 0, 4.5, -4]"
"[201, 209, -1, 4.5, -4]","[201, 209, -1, 4.5, -4]","[201, 209, -1, 4.5, -4]","[196, 209, 0, 4.5, -4]"
"[201, 209, -2, 4.5, -4]","[201, 209, -1, 4.5, -4]","[201, 209, -1, 4.5, -4]","[201, 209, -1, 4.5, -4]"
"[201, 209, -2, 4.5, -4]","[201, 209, -2, 4.5, -4]","[201, 209, -1, 4.5, -4]","[201, 209, -1, 4.5, -4]"
"[201, 209, -2, 4.5, -4]","[201, 209, -2, 4.5, -4]","[201, 209, -2, 4.5, -4]","[201, 209, -1, 4.5, -4]"
"[209, 209, -5, 4.5, -4]","[201, 209, -2, 4.5, -4]","[201, 209, -2, 4.5, -4]","[201, 209, -2, 4.5, -4]"
"[205, 209, -6, 4.5, -4]","[209, 209, -5, 4.5, -4]","[201, 209, -2, 4.5, -4]","[201, 209, -2, 4.5, -4]"
"[205, 209, -6, 4.5, -4]","[205, 209, -6, 4.5, -4]","[209, 209, -5, 4.5, -4]","[201, 209, -2, 4.5, -4]"
"[205, 209, -6, 4.5, -4]","[205, 209, -6, 4.5, -4]","[205, 209, -6, 4.5, -4]","[209, 209, -5, 4.5, -4]"
"[205, 209, -7, 4.5, -4]","[205, 209, -6, 4.5, -4]","[205, 209, -6, 4.5, -4]","[205, 209, -6, 4.5, -4]"
"[205, 209, -7, 4.5, -4]","[205, 209, -7, 4.5, -4]","[205, 209, -6, 4.5, -4]","[205, 209, -6, 4.5, -4]"
"[205, 209, -7, 4.5, -4]","[205, 209, -7, 4.5, -4]","[205, 209, -7, 4.5, -4]","[205, 209, -6, 4.5, -4]"
"[187, 209, -7, 4.5, -4]","[205, 209, -7, 4.5, -4]","[205, 209, -7, 4.5, -4]","[205, 209, -7, 4.5, -4]"
"[187, 209, -7, 4.5, -4]","[187, 209, -7, 4.5, -4]","[205, 209, -7, 4.5, -4]","[205, 209, -7, 4.5, -4]"
"[187, 209, -7, 4.5, -4]","[187, 209, -7, 4.5, -4]","[187, 209, -7, 4.5, -4]","[205, 209, -7, 4.5, -4]"
"[183, 209, -9, 4.5, -4]","[187, 209, -7, 4.5, -4]","[187, 209, -7, 4.5, -4]","[187, 209, -7, 4.5, -4]"
"[183, 209, -9, 4.5, -4]","[183, 209, -9, 4.5, -4]","[187, 209, -7, 4.5, -4]","[187, 209, -7, 4.5, -4]"
"[183, 209, -9, 4.5, -4]","[183, 209, -9, 4.5, -4]","[183, 209, -9, 4.5, -4]","[187, 209, -7, 4.5, -4]"
"[183, 209, -6, 4.5, -4]","[183, 209, -9, 4.5, -4]","[183, 209, -9, 4.5, -4]","[183, 209, -9, 4.5, -4]"
"[183, 209, -6, 4.5, -4]","[183, 209, -6, 4.5, -4]","[183, 209, -9, 4.5, -4]","[183, 209, -9, 4.5, -4]"
"[183, 209, -6, 4.5, -4]","[183, 209, -6, 4.5, -4]","[183, 209, -6, 4.5, -4]","[183, 209, -9, 4.5, -4]"
"[173, 209, -8, 4.5, -4]","[183, 209, -6, 4.5, -4]","[183, 209, -6, 4.5, -4]","[183, 209, -6, 4.5, -4]"
"[173, 209, -8, 4.5, -3]","[173, 209, -8, 4.5, -4]","[183, 209, -6, 4.5, -4]","[183, 209, -6, 4.5, -4]"
"[187, 209, -8, 4.5, -3]","[173, 209, -8, 4.5, -3]","[173, 209, -8, 4.5, -4]","[183, 209, -6, 4.5, -4]"
