"[[-1, -1, -85, 2, 0], [-1, -1, -85, 4, 0], [-1, -1, -85, 4, 0], [-1, -1, -85, 4, 0]]",0,39,209,40,0.04073524475097656,0
"[[-1, -1, -85, 2, 1], [-1, -1, -85, 2, 0], [-1, -1, -85, 4, 0], [-1, -1, -85, 4, 0]]",0,38,209,40,0.04187774658203125,0
"[[-1, -1, -85, 2, 2], [-1, -1, -85, 2, 1], [-1, -1, -85, 2, 0], [-1, -1, -85, 4, 0]]",0,37,209,40,0.04187774658203125,0
"[[39, 209, -86, 2, 2], [-1, -1, -85, 2, 2], [-1, -1, -85, 2, 1], [-1, -1, -85, 2, 0]]",0,38,210,40,0.04827880859375,1
"[[39, 209, -85, 2, 3], [39, 209, -86, 2, 2], [-1, -1, -85, 2, 2], [-1, -1, -85, 2, 1]]",0,35,210,40,0.03676867485046387,1
"[[38, 210, -85, 2, 4], [39, 209, -85, 2, 3], [39, 209, -86, 2, 2], [-1, -1, -85, 2, 2]]",0,37,211,40,0.0368962287902832,2
"[[38, 210, -77, 2, 4], [38, 210, -85, 2, 4], [39, 209, -85, 2, 3], [39, 209, -86, 2, 2]]",0,38,212,40,0.023418188095092773,3
"[[37, 211, -74, 2, 5], [38, 210, -77, 2, 4], [38, 210, -85, 2, 4], [39, 209, -85, 2, 3]]",0,53,212,40,0.040891408920288086,3
"[[38, 212, -72, 2, 5], [37, 211, -74, 2, 5], [38, 210, -77, 2, 4], [38, 210, -85, 2, 4]]",0,60,213,40,0.039893388748168945,4
"[[38, 212, -66, 2, 6], [38, 212, -72, 2, 5], [37, 211, -74, 2, 5], [38, 210, -77, 2, 4]]",0,63,213,40,0.04183530807495117,4
"[[60, 213, -63, 2, 7], [38, 212, -66, 2, 6], [38, 212, -72, 2, 5], [37, 211, -74, 2, 5]]",0,75,214,40,0.039221763610839844,5
"[[63, 213, -59, 2, 7], [60, 213, -63, 2, 7], [38, 212, -66, 2, 6], [38, 212, -72, 2, 5]]",0,81,214,40,0.040793418884277344,5
"[[63, 213, -50, 3.5, 8], [63, 213, -59, 2, 7], [60, 213, -63, 2, 7], [38, 212, -66, 2, 6]]",1,25,214,40,0.03989362716674805,5
"[[81, 214, -45, 4, 8], [63, 213, -50, 3.5, 8], [63, 213, -59, 2, 7], [60, 213, -63, 2, 7]]",2,26,215,40,0.040894269943237305,6
"[[25, 214, -41, 4.5, 8], [81, 214, -45, 4, 8], [63, 213, -50, 3.5, 8], [63, 213, -59, 2, 7]]",3,26,215,40,0.041742801666259766,6
"[[25, 214, -37, 4.5, 9], [25, 214, -41, 4.5, 8], [81, 214, -45, 4, 8], [63, 213, -50, 3.5, 8]]",3,27,216,40,0.037899017333984375,7
"[[26, 215, -34, 4.5, 9], [25, 214, -37, 4.5, 9], [25, 214, -41, 4.5, 8], [81, 214, -45, 4, 8]]",3,42,217,40,0.04289126396179199,8
"[[27, 216, -19, 6, 9], [26, 215, -34, 4.5, 9], [25, 214, -37, 4.5, 9], [25, 214, -41, 4.5, 8]]",4,28,217,40,0.039896249771118164,8
"[[42, 217, -14, 9, 9], [27, 216, -19, 6, 9], [26, 215, -34, 4.5, 9], [25, 214, -37, 4.5, 9]]",5,38,218,40,0.03908586502075195,9
"[[28, 217, -5, 9, 9], [42, 217, -14, 9, 9], [27, 216, -19, 6, 9], [26, 215, -34, 4.5, 9]]",5,83,218,40,0.03889751434326172,9
"[[28, 217, 2, 9, 10], [28, 217, -5, 9, 9], [42, 217, -14, 9, 9], [27, 216, -19, 6, 9]]",5,164,219,40,0.04271292686462402,10
"[[38, 218, 7, 9, 10], [28, 217, 2, 9, 10], [28, 217, -5, 9, 9], [42, 217, -14, 9, 9]]",5,219,211,40,0.04278993606567383,10
"[[38, 218, 16, 9, 9], [38, 218, 7, 9, 10], [28, 217, 2, 9, 10], [28, 217, -5, 9, 9]]",5,220,167,40,0.03980278968811035,11
"[[164, 219, 25, 3.5, 9], [38, 218, 16, 9, 9], [38, 218, 7, 9, 10], [28, 217, 2, 9, 10]]",1,220,174,40,0.041898488998413086,11
"[[219, 211, 37, 6, 9], [164, 219, 25, 3.5, 9], [38, 218, 16, 9, 9], [38, 218, 7, 9, 10]]",4,221,81,40,0.038897037506103516,12
"[[220, 174, 41, 4.5, 9], [219, 211, 37, 6, 9], [164, 219, 25, 3.5, 9], [38, 218, 16, 9, 9]]",3,221,64,40,0.042916297912597656,12
"[[221, 81, 42, 4.5, 8], [220, 174, 41, 4.5, 9], [219, 211, 37, 6, 9], [164, 219, 25, 3.5, 9]]",3,222,47,40,0.04185843467712402,13
"[[221, 81, 46, 4.5, 8], [221, 81, 42, 4.5, 8], [220, 174, 41, 4.5, 9], [219, 211, 37, 6, 9]]",3,222,42,40,0.03913378715515137,13
"[[221, 64, 47, 4.5, 8], [221, 81, 46, 4.5, 8], [221, 81, 42, 4.5, 8], [220, 174, 41, 4.5, 9]]",3,222,33,40,0.039916276931762695,13
"[[222, 42, 46, 4, 7], [221, 64, 47, 4.5, 8], [221, 81, 46, 4.5, 8], [221, 81, 42, 4.5, 8]]",2,223,43,40,0.040889739990234375,14
"[[222, 42, 46, 2, 7], [222, 42, 46, 4, 7], [221, 64, 47, 4.5, 8], [221, 81, 46, 4.5, 8]]",0,223,139,40,0.03988385200500488,14
"[[222, 33, 40, 4.5, 7], [222, 42, 46, 2, 7], [222, 42, 46, 4, 7], [221, 64, 47, 4.5, 8]]",3,224,35,40,0.04360461235046387,15
"[[223, 139, 38, 4.5, 6], [222, 33, 40, 4.5, 7], [222, 42, 46, 2, 7], [222, 42, 46, 4, 7]]",3,224,51,40,0.03888988494873047,15
"[[223, 139, 34, 4.5, 6], [223, 139, 38, 4.5, 6], [222, 33, 40, 4.5, 7], [222, 42, 46, 2, 7]]",3,224,60,40,0.04016733169555664,15
"[[224, 35, 30, 6, 6], [223, 139, 34, 4.5, 6], [223, 139, 38, 4.5, 6], [222, 33, 40, 4.5, 7]]",4,225,36,40,0.03988075256347656,16
"[[224, 51, 25, 6, 6], [224, 35, 30, 6, 6], [223, 139, 34, 4.5, 6], [223, 139, 38, 4.5, 6]]",4,225,52,40,0.04288601875305176,16
"[[225, 36, 20, 6, 5], [224, 51, 25, 6, 6], [224, 35, 30, 6, 6], [223, 139, 34, 4.5, 6]]",4,225,81,40,0.0388946533203125,16
"[[225, 52, 14, 6, 5], [225, 36, 20, 6, 5], [224, 51, 25, 6, 6], [224, 35, 30, 6, 6]]",4,226,112,40,0.040891408920288086,17
"[[225, 52, 9, 6, 5], [225, 52, 14, 6, 5], [225, 36, 20, 6, 5], [224, 51, 25, 6, 6]]",4,226,148,40,0.04161334037780762,17
"[[225, 81, 6, 6, 5], [225, 52, 9, 6, 5], [225, 52, 14, 6, 5], [225, 36, 20, 6, 5]]",4,226,178,40,0.03989291191101074,17
"[[226, 112, 2, 4.5, 5], [225, 81, 6, 6, 5], [225, 52, 9, 6, 5], [225, 52, 14, 6, 5]]",3,226,205,40,0.040891408920288086,17
"[[226, 178, -1, 9, 5], [226, 112, 2, 4.5, 5], [225, 81, 6, 6, 5], [225, 52, 9, 6, 5]]",5,227,215,40,0.07763075828552246,18
"[[226, 205, -5, 9, 5], [226, 178, -1, 9, 5], [226, 112, 2, 4.5, 5], [225, 81, 6, 6, 5]]",5,213,227,40,0.03906869888305664,18
"[[226, 205, -5, 9, 5], [226, 205, -5, 9, 5], [226, 178, -1, 9, 5], [226, 112, 2, 4.5, 5]]",5,177,227,40,0.03906869888305664,18
"[[213, 227, -3, 9, 5], [226, 205, -5, 9, 5], [226, 205, -5, 9, 5], [226, 178, -1, 9, 5]]",5,177,227,39,0.05395317077636719,18
"[[213, 227, -4, 9, 5], [213, 227, -3, 9, 5], [226, 205, -5, 9, 5], [226, 205, -5, 9, 5]]",5,195,227,39,0.0410161018371582,18
"[[177, 227, -4, 9, 5], [213, 227, -4, 9, 5], [213, 227, -3, 9, 5], [226, 205, -5, 9, 5]]",5,186,227,39,0.03690218925476074,18
"[[195, 227, -1, 9, 5], [177, 227, -4, 9, 5], [213, 227, -4, 9, 5], [213, 227, -3, 9, 5]]",5,187,228,40,0.04171180725097656,19
"[[195, 227, -1, 9, 5], [195, 227, -1, 9, 5], [177, 227, -4, 9, 5], [213, 227, -4, 9, 5]]",5,214,228,40,0.04188704490661621,19
"[[186, 227, 0, 9, 5], [195, 227, -1, 9, 5], [195, 227, -1, 9, 5], [177, 227, -4, 9, 5]]",5,214,228,39,0.04064178466796875,19
"[[186, 227, 4, 9, 5], [186, 227, 0, 9, 5], [195, 227, -1, 9, 5], [195, 227, -1, 9, 5]]",5,223,228,40,0.03847241401672363,19
"[[214, 228, 5, 9, 5], [186, 227, 4, 9, 5], [186, 227, 0, 9, 5], [195, 227, -1, 9, 5]]",5,228,198,39,0.03930163383483887,19
"[[214, 228, 8, 9, 5], [214, 228, 5, 9, 5], [186, 227, 4, 9, 5], [186, 227, 0, 9, 5]]",5,228,189,39,0.04369401931762695,19
"[[228, 198, 10, 2, 5], [214, 228, 8, 9, 5], [214, 228, 5, 9, 5], [186, 227, 4, 9, 5]]",0,228,218,39,0.038903236389160156,19
"[[228, 198, 10, 9, 5], [228, 198, 10, 2, 5], [214, 228, 8, 9, 5], [214, 228, 5, 9, 5]]",5,228,144,40,0.040488243103027344,19
"[[228, 189, 11, 9, 5], [228, 198, 10, 9, 5], [228, 198, 10, 2, 5], [214, 228, 8, 9, 5]]",5,228,144,40,0.04188728332519531,19
"[[228, 144, 13, 9, 5], [228, 189, 11, 9, 5], [228, 198, 10, 9, 5], [228, 198, 10, 2, 5]]",5,228,135,39,0.04017972946166992,19
"[[228, 144, 12, 9, 5], [228, 144, 13, 9, 5], [228, 189, 11, 9, 5], [228, 198, 10, 9, 5]]",5,228,117,39,0.04288530349731445,19
"[[228, 144, 11, 9, 5], [228, 144, 12, 9, 5], [228, 144, 13, 9, 5], [228, 189, 11, 9, 5]]",5,228,126,39,0.038907766342163086,19
"[[228, 117, 10, 9, 4], [228, 144, 11, 9, 5], [228, 144, 12, 9, 5], [228, 144, 13, 9, 5]]",5,228,134,40,0.041199684143066406,19
"[[228, 117, 10, 9, 4], [228, 117, 10, 9, 4], [228, 144, 11, 9, 5], [228, 144, 12, 9, 5]]",5,228,143,21,0.03517723083496094,19
"[[228, 126, 11, 9, 4], [228, 117, 10, 9, 4], [228, 117, 10, 9, 4], [228, 144, 11, 9, 5]]",5,228,143,39,0.03542757034301758,19
"[[228, 143, 5, 9, 4], [228, 126, 11, 9, 4], [228, 117, 10, 9, 4], [228, 117, 10, 9, 4]]",5,228,134,40,0.04986453056335449,19
"[[228, 143, 6, 9, 4], [228, 143, 5, 9, 4], [228, 126, 11, 9, 4], [228, 117, 10, 9, 4]]",5,228,188,39,0.04088997840881348,19
"[[228, 143, 6, 2, 4], [228, 143, 6, 9, 4], [228, 143, 5, 9, 4], [228, 126, 11, 9, 4]]",0,228,221,39,0.04088997840881348,19
"[[228, 143, 6, 9, 4], [228, 143, 6, 2, 4], [228, 143, 6, 9, 4], [228, 143, 5, 9, 4]]",5,228,179,40,0.07518124580383301,19
"[[228, 221, 6, 9, 4], [228, 143, 6, 9, 4], [228, 143, 6, 2, 4], [228, 143, 6, 9, 4]]",5,228,179,40,0.039890289306640625,19
"[[228, 221, 6, 2, 4], [228, 221, 6, 9, 4], [228, 143, 6, 9, 4], [228, 143, 6, 2, 4]]",0,228,221,40,0.039890289306640625,19
"[[228, 179, 7, 9, 4], [228, 221, 6, 2, 4], [228, 221, 6, 9, 4], [228, 143, 6, 9, 4]]",5,228,179,39,0.038895606994628906,19
"[[228, 179, 7, 9, 4], [228, 179, 7, 9, 4], [228, 221, 6, 2, 4], [228, 221, 6, 9, 4]]",5,228,170,21,0.04188966751098633,19
"[[228, 221, 7, 9, 4], [228, 179, 7, 9, 4], [228, 179, 7, 9, 4], [228, 221, 6, 2, 4]]",5,228,170,39,0.017953872680664062,19
"[[228, 170, 10, 9, 4], [228, 221, 7, 9, 4], [228, 179, 7, 9, 4], [228, 179, 7, 9, 4]]",5,227,169,21,0.03889346122741699,18
"[[228, 170, 11, 9, 4], [228, 170, 10, 9, 4], [228, 221, 7, 9, 4], [228, 179, 7, 9, 4]]",5,227,142,40,0.04088902473449707,18
"[[228, 170, 9, 4.5, 4], [228, 170, 11, 9, 4], [228, 170, 10, 9, 4], [228, 221, 7, 9, 4]]",3,227,182,39,0.04090762138366699,18
"[[227, 142, 12, 9, 4], [228, 170, 9, 4.5, 4], [228, 170, 11, 9, 4], [228, 170, 10, 9, 4]]",5,227,151,39,0.041893959045410156,18
"[[227, 142, 15, 9, 4], [227, 142, 12, 9, 4], [228, 170, 9, 4.5, 4], [228, 170, 11, 9, 4]]",5,227,124,40,0.04088425636291504,18
"[[227, 182, 14, 9, 3], [227, 142, 15, 9, 4], [227, 142, 12, 9, 4], [228, 170, 9, 4.5, 4]]",5,226,95,40,0.04199504852294922,17
"[[227, 124, 15, 9, 3], [227, 182, 14, 9, 3], [227, 142, 15, 9, 4], [227, 142, 12, 9, 4]]",5,226,104,40,0.03985142707824707,17
"[[227, 124, 18, 9, 3], [227, 124, 15, 9, 3], [227, 182, 14, 9, 3], [227, 142, 15, 9, 4]]",5,226,95,39,0.04187631607055664,17
"[[226, 95, 16, 9, 3], [227, 124, 18, 9, 3], [227, 124, 15, 9, 3], [227, 182, 14, 9, 3]]",5,226,68,39,0.038637638092041016,17
"[[226, 95, 15, 9, 3], [226, 95, 16, 9, 3], [227, 124, 18, 9, 3], [227, 124, 15, 9, 3]]",5,225,85,40,0.0395658016204834,16
"[[226, 95, 14, 9, 3], [226, 95, 15, 9, 3], [226, 95, 16, 9, 3], [227, 124, 18, 9, 3]]",5,225,94,40,0.04114651679992676,16
"[[226, 68, 11, 6, 3], [226, 95, 14, 9, 3], [226, 95, 15, 9, 3], [226, 95, 16, 9, 3]]",4,225,145,39,0.05485343933105469,16
"[[225, 85, 8, 9, 3], [226, 68, 11, 6, 3], [226, 95, 14, 9, 3], [226, 95, 15, 9, 3]]",5,224,129,39,0.04039430618286133,15
"[[225, 145, 4, 9, 3], [225, 85, 8, 9, 3], [226, 68, 11, 6, 3], [226, 95, 14, 9, 3]]",5,224,156,40,0.0380711555480957,15
"[[225, 145, 2, 9, 3], [225, 145, 4, 9, 3], [225, 85, 8, 9, 3], [226, 68, 11, 6, 3]]",5,224,192,40,0.03900313377380371,15
"[[224, 129, 1, 9, 2], [225, 145, 2, 9, 3], [225, 145, 4, 9, 3], [225, 85, 8, 9, 3]]",5,223,208,40,0.04089021682739258,14
"[[224, 192, 2, 9, 2], [224, 129, 1, 9, 2], [225, 145, 2, 9, 3], [225, 145, 4, 9, 3]]",5,223,217,39,0.040735721588134766,14
"[[224, 192, 1, 9, 2], [224, 192, 2, 9, 2], [224, 129, 1, 9, 2], [225, 145, 2, 9, 3]]",5,223,208,39,0.0408930778503418,14
"[[223, 208, 0, 9, 2], [224, 192, 1, 9, 2], [224, 192, 2, 9, 2], [224, 129, 1, 9, 2]]",5,222,216,40,0.03989362716674805,13
"[[223, 208, 3, 9, 2], [223, 208, 0, 9, 2], [224, 192, 1, 9, 2], [224, 192, 2, 9, 2]]",5,220,222,40,0.04090452194213867,13
"[[222, 216, 2, 9, 2], [223, 208, 3, 9, 2], [223, 208, 0, 9, 2], [224, 192, 1, 9, 2]]",5,221,197,39,0.04288506507873535,12
"[[220, 222, 6, 9, 2], [222, 216, 2, 9, 2], [223, 208, 3, 9, 2], [223, 208, 0, 9, 2]]",5,221,206,39,0.04089045524597168,12
"[[220, 222, 7, 9, 2], [220, 222, 6, 9, 2], [222, 216, 2, 9, 2], [223, 208, 3, 9, 2]]",5,221,170,40,0.038895606994628906,12
"[[221, 197, 7, 9, 2], [220, 222, 7, 9, 2], [220, 222, 6, 9, 2], [222, 216, 2, 9, 2]]",5,220,160,40,0.04188799858093262,11
"[[221, 170, 10, 9, 2], [221, 197, 7, 9, 2], [220, 222, 7, 9, 2], [220, 222, 6, 9, 2]]",5,220,160,40,0.04089093208312988,11
"[[221, 170, 12, 9, 2], [221, 170, 10, 9, 2], [221, 197, 7, 9, 2], [220, 222, 7, 9, 2]]",5,219,132,39,0.039895057678222656,10
"[[220, 160, 11, 9, 2], [221, 170, 12, 9, 2], [221, 170, 10, 9, 2], [221, 197, 7, 9, 2]]",5,219,114,39,0.04168868064880371,10
"[[219, 132, 12, 9, 2], [220, 160, 11, 9, 2], [221, 170, 12, 9, 2], [221, 170, 10, 9, 2]]",5,218,122,40,0.0419306755065918,9
"[[219, 114, 12, 9, 2], [219, 132, 12, 9, 2], [220, 160, 11, 9, 2], [221, 170, 12, 9, 2]]",5,218,113,40,0.042174339294433594,9
"[[218, 122, 13, 9, 2], [219, 114, 12, 9, 2], [219, 132, 12, 9, 2], [220, 160, 11, 9, 2]]",5,217,112,40,0.03919649124145508,8
"[[218, 122, 9, 9, 2], [218, 122, 13, 9, 2], [219, 114, 12, 9, 2], [219, 132, 12, 9, 2]]",5,217,103,40,0.03987908363342285,8
"[[218, 113, 12, 3.5, 2], [218, 122, 9, 9, 2], [218, 122, 13, 9, 2], [219, 114, 12, 9, 2]]",1,216,187,40,0.041642189025878906,7
"[[217, 103, 13, 9, 2], [218, 113, 12, 3.5, 2], [218, 122, 9, 9, 2], [218, 122, 13, 9, 2]]",5,215,110,40,0.04089069366455078,6
"[[217, 103, 10, 9, 1], [217, 103, 13, 9, 2], [218, 113, 12, 3.5, 2], [218, 122, 9, 9, 2]]",5,215,100,40,0.041892290115356445,6
"[[216, 187, 11, 9, 1], [217, 103, 10, 9, 1], [217, 103, 13, 9, 2], [218, 113, 12, 3.5, 2]]",5,214,126,40,0.03988957405090332,5
"[[215, 100, 10, 9, 1], [216, 187, 11, 9, 1], [217, 103, 10, 9, 1], [217, 103, 13, 9, 2]]",5,214,117,40,0.040891170501708984,5
"[[214, 126, 12, 9, 1], [215, 100, 10, 9, 1], [216, 187, 11, 9, 1], [217, 103, 10, 9, 1]]",5,213,125,40,0.041927337646484375,4
"[[214, 126, 10, 9, 1], [214, 126, 12, 9, 1], [215, 100, 10, 9, 1], [216, 187, 11, 9, 1]]",5,213,107,40,0.03989839553833008,4
"[[214, 117, 10, 9, 1], [214, 126, 10, 9, 1], [214, 126, 12, 9, 1], [215, 100, 10, 9, 1]]",5,212,124,40,0.0405271053314209,3
"[[213, 125, 12, 9, 1], [214, 117, 10, 9, 1], [214, 126, 10, 9, 1], [214, 126, 12, 9, 1]]",5,212,124,40,0.04291367530822754,3
"[[213, 125, 12, 9, 1], [213, 125, 12, 9, 1], [214, 117, 10, 9, 1], [214, 126, 10, 9, 1]]",5,211,105,40,0.0387272834777832,2
"[[212, 124, 11, 9, 1], [213, 125, 12, 9, 1], [213, 125, 12, 9, 1], [214, 117, 10, 9, 1]]",5,211,105,40,0.04149293899536133,2
"[[212, 124, 13, 9, 1], [212, 124, 11, 9, 1], [213, 125, 12, 9, 1], [213, 125, 12, 9, 1]]",5,210,113,40,0.040904998779296875,1
"[[212, 124, 13, 9, 1], [212, 124, 13, 9, 1], [212, 124, 11, 9, 1], [213, 125, 12, 9, 1]]",5,210,95,40,0.040693044662475586,1
"[[211, 105, 13, 9, 0], [212, 124, 13, 9, 1], [212, 124, 13, 9, 1], [212, 124, 11, 9, 1]]",5,209,93,40,0.04089951515197754,0
"[[210, 113, 15, 9, 0], [211, 105, 13, 9, 0], [212, 124, 13, 9, 1], [212, 124, 13, 9, 1]]",5,209,93,40,0.040581464767456055,0
"[[210, 113, 15, 9, 0], [210, 113, 15, 9, 0], [211, 105, 13, 9, 0], [212, 124, 13, 9, 1]]",5,209,75,40,0.040581464767456055,0
"[[209, 93, 12, 9, 0], [210, 113, 15, 9, 0], [210, 113, 15, 9, 0], [211, 105, 13, 9, 0]]",5,209,75,40,0.07534265518188477,0
"[[209, 93, 13, 4, 0], [209, 93, 12, 9, 0], [210, 113, 15, 9, 0], [210, 113, 15, 9, 0]]",2,208,161,40,0.03898119926452637,-1
"[[209, 93, 11, 9, 0], [209, 93, 13, 4, 0], [209, 93, 12, 9, 0], [210, 113, 15, 9, 0]]",5,208,92,40,0.04138326644897461,-1
"[[209, 75, 12, 9, 0], [209, 93, 11, 9, 0], [209, 93, 13, 4, 0], [209, 93, 12, 9, 0]]",5,207,109,40,0.04061293601989746,-2
"[[208, 161, 8, 9, 0], [209, 75, 12, 9, 0], [209, 93, 11, 9, 0], [209, 93, 13, 4, 0]]",5,206,99,40,0.01793074607849121,-3
"[[207, 109, 9, 9, 0], [208, 161, 8, 9, 0], [209, 75, 12, 9, 0], [209, 93, 11, 9, 0]]",5,206,135,40,0.04289078712463379,-3
"[[206, 99, 7, 9, 0], [207, 109, 9, 9, 0], [208, 161, 8, 9, 0], [209, 75, 12, 9, 0]]",5,206,126,40,0.03825950622558594,-3
"[[206, 99, 6, 9, 0], [206, 99, 7, 9, 0], [207, 109, 9, 9, 0], [208, 161, 8, 9, 0]]",5,205,143,40,0.03989696502685547,-4
"[[206, 126, 6, 9, 0], [206, 99, 6, 9, 0], [206, 99, 7, 9, 0], [207, 109, 9, 9, 0]]",5,205,151,39,0.03889298439025879,-4
"[[205, 143, 6, 9, 0], [206, 126, 6, 9, 0], [206, 99, 6, 9, 0], [206, 99, 7, 9, 0]]",5,204,150,40,0.03993058204650879,-5
"[[205, 143, 7, 9, 0], [205, 143, 6, 9, 0], [206, 126, 6, 9, 0], [206, 99, 6, 9, 0]]",5,203,149,39,0.040891170501708984,-6
"[[204, 150, 8, 9, 0], [205, 143, 7, 9, 0], [205, 143, 6, 9, 0], [206, 126, 6, 9, 0]]",5,203,140,40,0.04288506507873535,-6
"[[203, 149, 7, 4.5, 0], [204, 150, 8, 9, 0], [205, 143, 7, 9, 0], [205, 143, 6, 9, 0]]",3,202,166,40,0.03882741928100586,-7
"[[203, 149, 8, 9, 0], [203, 149, 7, 4.5, 0], [204, 150, 8, 9, 0], [205, 143, 7, 9, 0]]",5,202,139,39,0.04183197021484375,-7
"[[202, 166, 11, 9, 0], [203, 149, 8, 9, 0], [203, 149, 7, 4.5, 0], [204, 150, 8, 9, 0]]",5,201,129,40,0.03968691825866699,-8
"[[202, 139, 10, 4, 0], [202, 166, 11, 9, 0], [203, 149, 8, 9, 0], [203, 149, 7, 4.5, 0]]",2,201,157,40,0.04089856147766113,-8
"[[201, 129, 14, 9, 0], [202, 139, 10, 4, 0], [202, 166, 11, 9, 0], [203, 149, 8, 9, 0]]",5,200,110,40,0.040882110595703125,-9
"[[201, 129, 12, 9, 0], [201, 129, 14, 9, 0], [202, 139, 10, 4, 0], [202, 166, 11, 9, 0]]",5,200,74,40,0.04070615768432617,-9
"[[201, 157, 13, 9, 0], [201, 129, 12, 9, 0], [201, 129, 14, 9, 0], [202, 139, 10, 4, 0]]",5,199,91,40,0.03886842727661133,-10
"[[200, 74, 12, 9, 0], [201, 157, 13, 9, 0], [201, 129, 12, 9, 0], [201, 129, 14, 9, 0]]",5,199,82,40,0.04074740409851074,-10
"[[199, 91, 13, 9, 0], [200, 74, 12, 9, 0], [201, 157, 13, 9, 0], [201, 129, 12, 9, 0]]",5,198,90,21,0.04188799858093262,-11
"[[199, 82, 11, 9, 0], [199, 91, 13, 9, 0], [200, 74, 12, 9, 0], [201, 157, 13, 9, 0]]",5,198,81,40,0.0468745231628418,-11
"[[198, 90, 10, 9, -1], [199, 82, 11, 9, 0], [199, 91, 13, 9, 0], [200, 74, 12, 9, 0]]",5,197,97,40,0.04094815254211426,-12
"[[198, 90, 10, 9, -1], [198, 90, 10, 9, -1], [199, 82, 11, 9, 0], [199, 91, 13, 9, 0]]",5,197,106,39,0.06512928009033203,-12
"[[197, 97, 10, 9, -1], [198, 90, 10, 9, -1], [198, 90, 10, 9, -1], [199, 82, 11, 9, 0]]",5,196,105,41,0.03988027572631836,-13
"[[197, 106, 9, 9, -1], [197, 97, 10, 9, -1], [198, 90, 10, 9, -1], [198, 90, 10, 9, -1]]",5,196,105,39,0.01597309112548828,-13
"[[197, 106, 11, 9, -1], [197, 106, 9, 9, -1], [197, 97, 10, 9, -1], [198, 90, 10, 9, -1]]",5,195,113,21,0.03759765625,-14
"[[196, 105, 11, 9, -1], [197, 106, 11, 9, -1], [197, 106, 9, 9, -1], [197, 97, 10, 9, -1]]",5,195,95,40,0.04089093208312988,-14
"[[196, 105, 8, 9, -1], [196, 105, 11, 9, -1], [197, 106, 11, 9, -1], [197, 106, 9, 9, -1]]",5,195,95,39,0.04088997840881348,-14
"[[195, 95, 8, 9, -1], [196, 105, 8, 9, -1], [196, 105, 11, 9, -1], [197, 106, 11, 9, -1]]",5,194,121,39,0.039834022521972656,-15
"[[195, 95, 8, 9, -1], [195, 95, 8, 9, -1], [196, 105, 8, 9, -1], [196, 105, 11, 9, -1]]",5,194,121,21,0.04210257530212402,-15
"[[195, 95, 10, 9, -1], [195, 95, 8, 9, -1], [195, 95, 8, 9, -1], [196, 105, 8, 9, -1]]",5,193,120,40,0.0372769832611084,-16
"[[194, 121, 8, 9, -1], [195, 95, 10, 9, -1], [195, 95, 8, 9, -1], [195, 95, 8, 9, -1]]",5,193,102,39,0.04178261756896973,-16
"[[193, 120, 8, 9, -1], [194, 121, 8, 9, -1], [195, 95, 10, 9, -1], [195, 95, 8, 9, -1]]",5,193,120,39,0.03989291191101074,-16
"[[193, 102, 8, 9, -1], [193, 120, 8, 9, -1], [194, 121, 8, 9, -1], [195, 95, 10, 9, -1]]",5,192,119,21,0.04188704490661621,-17
"[[193, 102, 6, 9, -1], [193, 102, 8, 9, -1], [193, 120, 8, 9, -1], [194, 121, 8, 9, -1]]",5,192,119,40,0.0406651496887207,-17
"[[193, 120, 6, 9, -1], [193, 102, 6, 9, -1], [193, 102, 8, 9, -1], [193, 120, 8, 9, -1]]",5,192,137,39,0.04160332679748535,-17
"[[192, 119, 5, 9, -2], [193, 120, 6, 9, -1], [193, 102, 6, 9, -1], [193, 102, 8, 9, -1]]",5,192,136,40,0.04088950157165527,-17
"[[192, 137, 6, 9, -2], [192, 119, 5, 9, -2], [193, 120, 6, 9, -1], [193, 102, 6, 9, -1]]",5,191,144,39,0.04221057891845703,-18
"[[192, 137, 6, 9, -2], [192, 137, 6, 9, -2], [192, 119, 5, 9, -2], [193, 120, 6, 9, -1]]",5,191,135,39,0.04221057891845703,-18
"[[191, 144, 5, 9, -2], [192, 137, 6, 9, -2], [192, 137, 6, 9, -2], [192, 119, 5, 9, -2]]",5,191,135,40,0.07280516624450684,-18
"[[191, 144, 4, 9, -2], [191, 144, 5, 9, -2], [192, 137, 6, 9, -2], [192, 137, 6, 9, -2]]",5,191,144,39,0.04006075859069824,-18
"[[191, 135, 6, 9, -2], [191, 144, 4, 9, -2], [191, 144, 5, 9, -2], [192, 137, 6, 9, -2]]",5,191,153,40,0.04288482666015625,-18
"[[191, 144, 5, 9, -2], [191, 135, 6, 9, -2], [191, 144, 4, 9, -2], [191, 144, 5, 9, -2]]",5,191,135,39,0.04140305519104004,-18
"[[191, 144, 6, 9, -2], [191, 144, 5, 9, -2], [191, 135, 6, 9, -2], [191, 144, 4, 9, -2]]",5,190,143,39,0.04140305519104004,-19
"[[191, 153, 8, 9, -2], [191, 144, 6, 9, -2], [191, 144, 5, 9, -2], [191, 135, 6, 9, -2]]",5,190,134,40,0.0788877010345459,-19
"[[190, 143, 7, 9, -2], [191, 153, 8, 9, -2], [191, 144, 6, 9, -2], [191, 144, 5, 9, -2]]",5,190,116,21,0.04352092742919922,-19
"[[190, 143, 8, 9, -2], [190, 143, 7, 9, -2], [191, 153, 8, 9, -2], [191, 144, 6, 9, -2]]",5,190,125,40,0.04089188575744629,-19
"[[190, 134, 9, 9, -2], [190, 143, 8, 9, -2], [190, 143, 7, 9, -2], [191, 153, 8, 9, -2]]",5,190,116,39,0.04011702537536621,-19
"[[190, 134, 9, 9, -2], [190, 134, 9, 9, -2], [190, 143, 8, 9, -2], [190, 143, 7, 9, -2]]",5,190,107,39,0.04011702537536621,-19
"[[190, 125, 7, 9, -2], [190, 134, 9, 9, -2], [190, 134, 9, 9, -2], [190, 143, 8, 9, -2]]",5,190,107,40,0.07249927520751953,-19
"[[190, 116, 8, 9, -2], [190, 125, 7, 9, -2], [190, 134, 9, 9, -2], [190, 134, 9, 9, -2]]",5,190,125,39,0.0401914119720459,-19
"[[190, 107, 4, 9, -2], [190, 116, 8, 9, -2], [190, 125, 7, 9, -2], [190, 134, 9, 9, -2]]",5,190,116,40,0.04882073402404785,-19
"[[190, 107, 5, 9, -2], [190, 107, 4, 9, -2], [190, 116, 8, 9, -2], [190, 125, 7, 9, -2]]",5,190,152,39,0.041968345642089844,-19
"[[190, 125, 5, 9, -2], [190, 107, 5, 9, -2], [190, 107, 4, 9, -2], [190, 116, 8, 9, -2]]",5,190,143,40,0.0698232650756836,-19
"[[190, 152, 3, 9, -2], [190, 125, 5, 9, -2], [190, 107, 5, 9, -2], [190, 107, 4, 9, -2]]",5,190,143,39,0.025658607482910156,-19
"[[190, 152, 2, 9, -2], [190, 152, 3, 9, -2], [190, 125, 5, 9, -2], [190, 107, 5, 9, -2]]",5,190,161,21,0.02792525291442871,-19
"[[190, 143, 4, 9, -2], [190, 152, 2, 9, -2], [190, 152, 3, 9, -2], [190, 125, 5, 9, -2]]",5,190,170,40,0.03998875617980957,-19
"[[190, 143, 2, 9, -2], [190, 143, 4, 9, -2], [190, 152, 2, 9, -2], [190, 152, 3, 9, -2]]",5,190,152,39,0.04163360595703125,-19
"[[190, 170, 2, 9, -2], [190, 143, 2, 9, -2], [190, 143, 4, 9, -2], [190, 152, 2, 9, -2]]",5,190,170,40,0.042032718658447266,-19
"[[190, 170, 1, 9, -2], [190, 170, 2, 9, -2], [190, 143, 2, 9, -2], [190, 143, 4, 9, -2]]",5,190,170,39,0.039894819259643555,-19
"[[190, 152, 0, 9, -2], [190, 170, 1, 9, -2], [190, 170, 2, 9, -2], [190, 143, 2, 9, -2]]",5,190,179,21,0.04089784622192383,-19
"[[190, 170, 0, 9, -2], [190, 152, 0, 9, -2], [190, 170, 1, 9, -2], [190, 170, 2, 9, -2]]",5,190,188,39,0.039880990982055664,-19
"[[190, 179, -3, 9, -2], [190, 170, 0, 9, -2], [190, 152, 0, 9, -2], [190, 170, 1, 9, -2]]",5,190,188,40,0.0425872802734375,-19
"[[190, 188, -1, 9, -2], [190, 179, -3, 9, -2], [190, 170, 0, 9, -2], [190, 152, 0, 9, -2]]",5,166,190,39,0.03988242149353027,-19
"[[190, 188, 0, 9, -2], [190, 188, -1, 9, -2], [190, 179, -3, 9, -2], [190, 170, 0, 9, -2]]",5,184,190,21,0.040889739990234375,-19
"[[166, 190, -2, 9, -2], [190, 188, 0, 9, -2], [190, 188, -1, 9, -2], [190, 179, -3, 9, -2]]",5,190,188,40,0.04188799858093262,-19
"[[166, 190, -2, 9, -2], [166, 190, -2, 9, -2], [190, 188, 0, 9, -2], [190, 188, -1, 9, -2]]",5,175,190,40,0.04188799858093262,-19
"[[184, 190, 3, 9, -2], [166, 190, -2, 9, -2], [166, 190, -2, 9, -2], [190, 188, 0, 9, -2]]",5,176,191,40,0.0768272876739502,-18
"[[175, 190, 1, 9, -2], [184, 190, 3, 9, -2], [166, 190, -2, 9, -2], [166, 190, -2, 9, -2]]",5,191,162,39,0.04079127311706543,-18
"[[175, 190, 3, 9, -2], [175, 190, 1, 9, -2], [184, 190, 3, 9, -2], [166, 190, -2, 9, -2]]",5,191,180,21,0.04274582862854004,-18
"[[176, 191, 7, 9, -2], [175, 190, 3, 9, -2], [175, 190, 1, 9, -2], [184, 190, 3, 9, -2]]",5,191,162,40,0.03780412673950195,-18
"[[191, 180, 8, 9, -3], [176, 191, 7, 9, -2], [175, 190, 3, 9, -2], [175, 190, 1, 9, -2]]",5,191,125,39,0.03591108322143555,-18
"[[191, 180, 8, 9, -3], [191, 180, 8, 9, -3], [176, 191, 7, 9, -2], [175, 190, 3, 9, -2]]",5,192,117,40,0.04700756072998047,-17
"[[191, 162, 12, 9, -3], [191, 180, 8, 9, -3], [191, 180, 8, 9, -3], [176, 191, 7, 9, -2]]",5,192,117,39,0.03896212577819824,-17
"[[191, 162, 12, 9, -3], [191, 162, 12, 9, -3], [191, 180, 8, 9, -3], [191, 180, 8, 9, -3]]",5,192,81,21,0.035918235778808594,-17
"[[192, 117, 12, 9, -3], [191, 162, 12, 9, -3], [191, 162, 12, 9, -3], [191, 180, 8, 9, -3]]",5,193,82,39,0.024932861328125,-16
"[[192, 117, 14, 9, -3], [192, 117, 12, 9, -3], [191, 162, 12, 9, -3], [191, 162, 12, 9, -3]]",5,193,82,21,0.042597055435180664,-16
"[[192, 81, 13, 9, -3], [192, 117, 14, 9, -3], [192, 117, 12, 9, -3], [191, 162, 12, 9, -3]]",5,193,64,39,0.04089832305908203,-16
"[[193, 82, 11, 3.5, -3], [192, 81, 13, 9, -3], [192, 117, 14, 9, -3], [192, 117, 12, 9, -3]]",1,194,145,40,0.042883872985839844,-15
"[[193, 64, 9, 4.5, -3], [193, 82, 11, 3.5, -3], [192, 81, 13, 9, -3], [192, 117, 14, 9, -3]]",3,194,141,39,0.0408780574798584,-15
"[[193, 64, 9, 9, -3], [193, 64, 9, 4.5, -3], [193, 82, 11, 3.5, -3], [192, 81, 13, 9, -3]]",5,194,110,39,0.0408780574798584,-15
"[[194, 145, 8, 9, -3], [193, 64, 9, 9, -3], [193, 64, 9, 4.5, -3], [193, 82, 11, 3.5, -3]]",5,195,111,40,0.07245016098022461,-14
"[[194, 141, 6, 9, -3], [194, 145, 8, 9, -3], [193, 64, 9, 9, -3], [193, 64, 9, 4.5, -3]]",5,195,120,39,0.042886972427368164,-14
"[[195, 111, 3, 9, -3], [194, 141, 6, 9, -3], [194, 145, 8, 9, -3], [193, 64, 9, 9, -3]]",5,195,138,40,0.04487872123718262,-14
"[[195, 111, 2, 9, -3], [195, 111, 3, 9, -3], [194, 141, 6, 9, -3], [194, 145, 8, 9, -3]]",5,196,166,39,0.03971219062805176,-13
"[[195, 111, 2, 9, -3], [195, 111, 2, 9, -3], [195, 111, 3, 9, -3], [194, 141, 6, 9, -3]]",5,196,175,39,0.03971219062805176,-13
"[[195, 120, -1, 9, -3], [195, 111, 2, 9, -3], [195, 111, 2, 9, -3], [195, 111, 3, 9, -3]]",5,196,175,40,0.07529807090759277,-13
"[[196, 166, -2, 9, -3], [195, 120, -1, 9, -3], [195, 111, 2, 9, -3], [195, 111, 2, 9, -3]]",5,192,197,39,0.03892683982849121,-12
"[[196, 175, -6, 9, -3], [196, 166, -2, 9, -3], [195, 120, -1, 9, -3], [195, 111, 2, 9, -3]]",5,183,197,40,0.04765462875366211,-12
"[[192, 197, -6, 9, -3], [196, 175, -6, 9, -3], [196, 166, -2, 9, -3], [195, 120, -1, 9, -3]]",5,148,198,39,0.040778398513793945,-11
"[[192, 197, -6, 3.5, -3], [192, 197, -6, 9, -3], [196, 175, -6, 9, -3], [196, 166, -2, 9, -3]]",1,181,198,39,0.040778398513793945,-11
"[[183, 197, -8, 9, -3], [192, 197, -6, 3.5, -3], [192, 197, -6, 9, -3], [196, 175, -6, 9, -3]]",5,148,198,40,0.07280254364013672,-11
"[[183, 197, -8, 9, -3], [183, 197, -8, 9, -3], [192, 197, -6, 3.5, -3], [192, 197, -6, 9, -3]]",5,131,199,39,0.03889751434326172,-10
"[[181, 198, -6, 9, -3], [183, 197, -8, 9, -3], [183, 197, -8, 9, -3], [192, 197, -6, 3.5, -3]]",5,131,199,40,0.05186295509338379,-10
"[[148, 198, -9, 4, -3], [181, 198, -6, 9, -3], [183, 197, -8, 9, -3], [183, 197, -8, 9, -3]]",2,180,200,39,0.04117918014526367,-9
"[[131, 199, -5, 9, -3], [148, 198, -9, 4, -3], [181, 198, -6, 9, -3], [183, 197, -8, 9, -3]]",5,123,200,40,0.06915044784545898,-9
"[[180, 200, -5, 4, -3], [131, 199, -5, 9, -3], [148, 198, -9, 4, -3], [181, 198, -6, 9, -3]]",2,185,201,39,0.04062247276306152,-8
"[[180, 200, -5, 9, -3], [180, 200, -5, 4, -3], [131, 199, -5, 9, -3], [148, 198, -9, 4, -3]]",5,160,201,39,0.04062247276306152,-8
"[[185, 201, -5, 9, -3], [180, 200, -5, 9, -3], [180, 200, -5, 4, -3], [131, 199, -5, 9, -3]]",5,161,202,40,0.05227971076965332,-7
"[[185, 201, -1, 9, -3], [185, 201, -5, 9, -3], [180, 200, -5, 9, -3], [180, 200, -5, 4, -3]]",5,161,202,39,0.037896156311035156,-7
"[[160, 201, -3, 4, -3], [185, 201, -1, 9, -3], [185, 201, -5, 9, -3], [180, 200, -5, 9, -3]]",2,203,203,40,0.046874284744262695,-6
"[[161, 202, 1, 9, -3], [160, 201, -3, 4, -3], [185, 201, -1, 9, -3], [185, 201, -5, 9, -3]]",5,180,203,39,0.03889727592468262,-6
"[[161, 202, 3, 6, -3], [161, 202, 1, 9, -3], [160, 201, -3, 4, -3], [185, 201, -1, 9, -3]]",4,203,194,21,0.03989243507385254,-6
"[[203, 203, 4, 9, -3], [161, 202, 3, 6, -3], [161, 202, 1, 9, -3], [160, 201, -3, 4, -3]]",5,204,174,40,0.03989386558532715,-5
"[[203, 203, 3, 2, -3], [203, 203, 4, 9, -3], [161, 202, 3, 6, -3], [161, 202, 1, 9, -3]]",0,205,194,39,0.037940263748168945,-4
"[[203, 194, 10, 9, -3], [203, 203, 3, 2, -3], [203, 203, 4, 9, -3], [161, 202, 3, 6, -3]]",5,205,175,40,0.04288530349731445,-4
"[[204, 174, 8, 9, -3], [203, 194, 10, 9, -3], [203, 203, 3, 2, -3], [203, 203, 4, 9, -3]]",5,206,113,39,0.03982853889465332,-3
"[[204, 174, 8, 9, -3], [204, 174, 8, 9, -3], [203, 194, 10, 9, -3], [203, 203, 3, 2, -3]]",5,206,131,21,0.035902976989746094,-3
"[[206, 113, 15, 9, -3], [204, 174, 8, 9, -3], [204, 174, 8, 9, -3], [203, 194, 10, 9, -3]]",5,207,132,39,0.026938199996948242,-2
"[[206, 113, 14, 9, -3], [206, 113, 15, 9, -3], [204, 174, 8, 9, -3], [204, 174, 8, 9, -3]]",5,207,69,21,0.03988313674926758,-2
"[[206, 131, 13, 9, -3], [206, 113, 14, 9, -3], [206, 113, 15, 9, -3], [204, 174, 8, 9, -3]]",5,208,79,40,0.03992486000061035,-1
"[[206, 131, 16, 9, -3], [206, 131, 13, 9, -3], [206, 113, 14, 9, -3], [206, 113, 15, 9, -3]]",5,208,88,39,0.04388833045959473,-1
"[[207, 69, 12, 9, -3], [206, 131, 16, 9, -3], [206, 131, 13, 9, -3], [206, 113, 14, 9, -3]]",5,209,62,40,0.03885912895202637,0
"[[208, 79, 11, 9, -4], [207, 69, 12, 9, -3], [206, 131, 16, 9, -3], [206, 131, 13, 9, -3]]",5,209,97,39,0.03989291191101074,0
"[[208, 79, 11, 9, -4], [208, 79, 11, 9, -4], [207, 69, 12, 9, -3], [206, 131, 16, 9, -3]]",5,209,106,21,0.04188680648803711,0
"[[208, 79, 11, 9, -4], [208, 79, 11, 9, -4], [208, 79, 11, 9, -4], [207, 69, 12, 9, -3]]",5,209,106,21,0.04188680648803711,0
"[[209, 97, 4, 9, -4], [208, 79, 11, 9, -4], [208, 79, 11, 9, -4], [208, 79, 11, 9, -4]]",5,210,107,39,0.06981611251831055,1
"[[209, 106, 1, 9, -4], [209, 97, 4, 9, -4], [208, 79, 11, 9, -4], [208, 79, 11, 9, -4]]",5,210,170,40,0.04610919952392578,1
"[[209, 106, -2, 9, -4], [209, 106, 1, 9, -4], [209, 97, 4, 9, -4], [208, 79, 11, 9, -4]]",5,211,198,39,0.04188704490661621,2
"[[210, 107, -3, 9, -4], [209, 106, -2, 9, -4], [209, 106, 1, 9, -4], [209, 97, 4, 9, -4]]",5,198,211,21,0.041735172271728516,2
"[[210, 107, -5, 9, -4], [210, 107, -3, 9, -4], [209, 106, -2, 9, -4], [209, 106, 1, 9, -4]]",5,190,212,40,0.03587031364440918,3
"[[211, 198, -8, 9, -4], [210, 107, -5, 9, -4], [210, 107, -3, 9, -4], [209, 106, -2, 9, -4]]",5,172,212,39,0.03690361976623535,3
"[[198, 211, -8, 9, -4], [211, 198, -8, 9, -4], [210, 107, -5, 9, -4], [210, 107, -3, 9, -4]]",5,146,213,40,0.048925161361694336,4
"[[172, 212, -10, 9, -4], [198, 211, -8, 9, -4], [211, 198, -8, 9, -4], [210, 107, -5, 9, -4]]",5,146,213,39,0.04169178009033203,4
"[[172, 212, -11, 2, -4], [172, 212, -10, 9, -4], [198, 211, -8, 9, -4], [211, 198, -8, 9, -4]]",0,199,214,39,0.04169178009033203,5
"[[146, 213, -5, 9, -3], [172, 212, -11, 2, -4], [172, 212, -10, 9, -4], [198, 211, -8, 9, -4]]",5,119,214,39,0.014959573745727539,5
"[[146, 213, -7, 9, -3], [146, 213, -5, 9, -3], [172, 212, -11, 2, -4], [172, 212, -10, 9, -4]]",5,174,215,21,0.03889608383178711,6
"[[199, 214, -5, 9, -3], [146, 213, -7, 9, -3], [146, 213, -5, 9, -3], [172, 212, -11, 2, -4]]",5,156,215,40,0.04089069366455078,6
"[[119, 214, -1, 9, -3], [199, 214, -5, 9, -3], [146, 213, -7, 9, -3], [146, 213, -5, 9, -3]]",5,175,216,39,0.039272308349609375,7
"[[156, 215, 0, 9, -3], [119, 214, -1, 9, -3], [199, 214, -5, 9, -3], [146, 213, -7, 9, -3]]",5,212,217,40,0.03988480567932129,8
"[[175, 216, 4, 9, -3], [156, 215, 0, 9, -3], [119, 214, -1, 9, -3], [199, 214, -5, 9, -3]]",5,217,214,39,0.040756940841674805,8
"[[175, 216, 6, 9, -3], [175, 216, 4, 9, -3], [156, 215, 0, 9, -3], [119, 214, -1, 9, -3]]",5,218,179,21,0.040891408920288086,9
"[[217, 214, 10, 9, -3], [175, 216, 6, 9, -3], [175, 216, 4, 9, -3], [156, 215, 0, 9, -3]]",5,218,161,39,0.03789806365966797,9
"[[218, 179, 16, 9, -3], [217, 214, 10, 9, -3], [175, 216, 6, 9, -3], [175, 216, 4, 9, -3]]",5,219,126,40,0.04288768768310547,10
"[[218, 161, 16, 9, -4], [218, 179, 16, 9, -3], [217, 214, 10, 9, -3], [175, 216, 6, 9, -3]]",5,219,71,39,0.03989148139953613,10
"[[218, 161, 14, 9, -4], [218, 161, 16, 9, -4], [218, 179, 16, 9, -3], [217, 214, 10, 9, -3]]",5,220,72,21,0.04288601875305176,11
"[[218, 161, 14, 9, -4], [218, 161, 14, 9, -4], [218, 161, 16, 9, -4], [218, 179, 16, 9, -3]]",5,220,90,21,0.04288601875305176,11
"[[219, 126, 21, 9, -4], [218, 161, 14, 9, -4], [218, 161, 14, 9, -4], [218, 161, 16, 9, -4]]",5,220,90,39,0.07350277900695801,11
"[[220, 72, 17, 9, -4], [219, 126, 21, 9, -4], [218, 161, 14, 9, -4], [218, 161, 14, 9, -4]]",5,221,32,40,0.04089021682739258,12
"[[220, 90, 18, 9, -4], [220, 72, 17, 9, -4], [219, 126, 21, 9, -4], [218, 161, 14, 9, -4]]",5,221,64,39,0.04078817367553711,12
"[[220, 90, 18, 4, -4], [220, 90, 18, 9, -4], [220, 72, 17, 9, -4], [219, 126, 21, 9, -4]]",2,221,145,21,0.04194998741149902,12
"[[221, 32, 15, 9, -4], [220, 90, 18, 4, -4], [220, 90, 18, 9, -4], [220, 72, 17, 9, -4]]",5,222,56,40,0.03858327865600586,13
"[[221, 64, 14, 9, -4], [221, 32, 15, 9, -4], [220, 90, 18, 4, -4], [220, 90, 18, 9, -4]]",5,222,83,39,0.03776860237121582,13
"[[222, 56, 7, 9, -5], [221, 64, 14, 9, -4], [221, 32, 15, 9, -4], [220, 90, 18, 4, -4]]",5,223,92,40,0.04288458824157715,14
"[[222, 56, 2, 9, -5], [222, 56, 7, 9, -5], [221, 64, 14, 9, -4], [221, 32, 15, 9, -4]]",5,223,155,39,0.04311776161193848,14
"[[2, 83, 1, 9, -5], [222, 56, 2, 9, -5], [222, 56, 7, 9, -5], [221, 64, 14, 9, -4]]",5,223,200,21,0.034906625747680664,14
"[[223, 155, -7, 9, -5], [2, 83, 1, 9, -5], [222, 56, 2, 9, -5], [222, 56, 7, 9, -5]]",5,224,210,39,0.020944833755493164,15
"[[223, 155, -7, 2, -5], [223, 155, -7, 9, -5], [2, 83, 1, 9, -5], [222, 56, 2, 9, -5]]",0,216,224,21,0.04188680648803711,15
"[[223, 200, -9, 9, -5], [223, 155, -7, 2, -5], [223, 155, -7, 9, -5], [2, 83, 1, 9, -5]]",5,167,224,40,0.03993868827819824,15
"[[216, 224, -13, 2, -4], [223, 200, -9, 9, -5], [223, 155, -7, 2, -5], [223, 155, -7, 9, -5]]",0,212,225,39,0.04075360298156738,16
"[[167, 224, -12, 9, -4], [216, 224, -13, 2, -4], [223, 200, -9, 9, -5], [223, 155, -7, 2, -5]]",5,113,225,40,0.040143489837646484,16
"[[167, 224, -13, 9, -4], [167, 224, -12, 9, -4], [216, 224, -13, 2, -4], [223, 200, -9, 9, -5]]",5,122,225,39,0.03989291191101074,16
"[[113, 225, -14, 3.5, -4], [167, 224, -13, 9, -4], [167, 224, -12, 9, -4], [216, 224, -13, 2, -4]]",1,186,226,21,0.04089021682739258,17
"[[113, 225, -12, 9, -4], [113, 225, -14, 3.5, -4], [167, 224, -13, 9, -4], [167, 224, -12, 9, -4]]",5,105,226,40,0.04030776023864746,17
"[[122, 225, -8, 9, -4], [113, 225, -12, 9, -4], [113, 225, -14, 3.5, -4], [167, 224, -13, 9, -4]]",5,123,226,39,0.04030299186706543,17
"[[105, 226, -7, 9, -4], [122, 225, -8, 9, -4], [113, 225, -12, 9, -4], [113, 225, -14, 3.5, -4]]",5,159,226,40,0.0403900146484375,17
"[[123, 226, -3, 9, -4], [105, 226, -7, 9, -4], [122, 225, -8, 9, -4], [113, 225, -12, 9, -4]]",5,169,227,39,0.042879581451416016,18
"[[123, 226, -1, 9, -4], [123, 226, -3, 9, -4], [105, 226, -7, 9, -4], [122, 225, -8, 9, -4]]",5,205,227,21,0.039679765701293945,18
"[[159, 226, 2, 9, -4], [123, 226, -1, 9, -4], [123, 226, -3, 9, -4], [105, 226, -7, 9, -4]]",5,223,227,40,0.039873600006103516,18
"[[205, 227, 5, 4, -4], [159, 226, 2, 9, -4], [123, 226, -1, 9, -4], [123, 226, -3, 9, -4]]",2,227,215,21,0.04089808464050293,18
"[[223, 227, 11, 9, -4], [205, 227, 5, 4, -4], [159, 226, 2, 9, -4], [123, 226, -1, 9, -4]]",5,227,178,39,0.039032936096191406,18
"[[223, 227, 10, 9, -4], [223, 227, 11, 9, -4], [205, 227, 5, 4, -4], [159, 226, 2, 9, -4]]",5,228,125,39,0.039032936096191406,19
"[[227, 215, 15, 9, -4], [223, 227, 10, 9, -4], [223, 227, 11, 9, -4], [205, 227, 5, 4, -4]]",5,228,134,40,0.052596330642700195,19
"[[227, 215, 19, 9, -4], [227, 215, 15, 9, -4], [223, 227, 10, 9, -4], [223, 227, 11, 9, -4]]",5,228,89,39,0.046875715255737305,19
"[[227, 215, 19, 9, -4], [227, 215, 19, 9, -4], [227, 215, 15, 9, -4], [223, 227, 10, 9, -4]]",5,228,53,39,0.046875715255737305,19
"[[228, 125, 19, 9, -5], [227, 215, 19, 9, -4], [227, 215, 19, 9, -4], [227, 215, 15, 9, -4]]",5,228,52,40,0.07670235633850098,19
"[[228, 89, 22, 9, -5], [228, 125, 19, 9, -5], [227, 215, 19, 9, -4], [227, 215, 19, 9, -4]]",5,228,52,39,0.0368952751159668,19
"[[228, 53, 19, 9, -5], [228, 89, 22, 9, -5], [228, 125, 19, 9, -5], [227, 215, 19, 9, -4]]",5,228,39,40,0.04833984375,19
"[[228, 52, 17, 9, -5], [228, 53, 19, 9, -5], [228, 89, 22, 9, -5], [228, 125, 19, 9, -5]]",5,228,52,39,0.04089164733886719,19
"[[228, 52, 17, 9, -5], [228, 52, 17, 9, -5], [228, 53, 19, 9, -5], [228, 89, 22, 9, -5]]",5,228,70,39,0.04089164733886719,19
"[[228, 39, 11, 9, -5], [228, 52, 17, 9, -5], [228, 52, 17, 9, -5], [228, 53, 19, 9, -5]]",5,228,70,39,0.03889727592468262,19
"[[228, 39, 11, 9, -5], [228, 39, 11, 9, -5], [228, 52, 17, 9, -5], [228, 52, 17, 9, -5]]",5,228,124,39,0.03889727592468262,19
"[[228, 70, 4, 9, -5], [228, 39, 11, 9, -5], [228, 39, 11, 9, -5], [228, 52, 17, 9, -5]]",5,228,124,40,0.04953193664550781,19
"[[228, 70, 1, 9, -5], [228, 70, 4, 9, -5], [228, 39, 11, 9, -5], [228, 39, 11, 9, -5]]",5,228,187,39,0.042016029357910156,19
"[[228, 124, -5, 9, -5], [228, 70, 1, 9, -5], [228, 70, 4, 9, -5], [228, 39, 11, 9, -5]]",5,228,214,40,0.045866966247558594,19
"[[228, 187, -9, 9, -5], [228, 124, -5, 9, -5], [228, 70, 1, 9, -5], [228, 70, 4, 9, -5]]",5,189,228,39,0.03990483283996582,19
"[[228, 187, -9, 9, -5], [228, 187, -9, 9, -5], [228, 124, -5, 9, -5], [228, 70, 1, 9, -5]]",5,153,228,21,0.0378870964050293,19
"[[189, 228, -10, 9, -5], [228, 187, -9, 9, -5], [228, 187, -9, 9, -5], [228, 124, -5, 9, -5]]",5,153,228,40,0.03992056846618652,19
"[[189, 228, -12, 9, -5], [189, 228, -10, 9, -5], [228, 187, -9, 9, -5], [228, 187, -9, 9, -5]]",5,144,228,39,0.0378718376159668,19
"[[153, 228, -11, 9, -5], [189, 228, -12, 9, -5], [189, 228, -10, 9, -5], [228, 187, -9, 9, -5]]",5,126,228,40,0.045884132385253906,19
"[[144, 228, -10, 9, -5], [153, 228, -11, 9, -5], [189, 228, -12, 9, -5], [189, 228, -10, 9, -5]]",5,135,228,39,0.03774309158325195,19
"[[144, 228, -10, 9, -5], [144, 228, -10, 9, -5], [153, 228, -11, 9, -5], [189, 228, -12, 9, -5]]",5,144,228,21,0.03789830207824707,19
"[[144, 228, -6, 9, -5], [144, 228, -10, 9, -5], [144, 228, -10, 9, -5], [153, 228, -11, 9, -5]]",5,144,228,39,0.03692269325256348,19
"[[144, 228, -5, 9, -5], [144, 228, -6, 9, -5], [144, 228, -10, 9, -5], [144, 228, -10, 9, -5]]",5,180,228,21,0.030694961547851562,19
"[[144, 228, -2, 9, -5], [144, 228, -5, 9, -5], [144, 228, -6, 9, -5], [144, 228, -10, 9, -5]]",5,189,228,40,0.03889632225036621,19
"[[144, 228, 0, 9, -5], [144, 228, -2, 9, -5], [144, 228, -5, 9, -5], [144, 228, -6, 9, -5]]",5,215,227,39,0.041887760162353516,18
"[[180, 228, 7, 4.5, -5], [144, 228, 0, 9, -5], [144, 228, -2, 9, -5], [144, 228, -5, 9, -5]]",3,227,222,40,0.04158735275268555,18
"[[215, 227, 7, 9, -5], [180, 228, 7, 4.5, -5], [144, 228, 0, 9, -5], [144, 228, -2, 9, -5]]",5,227,159,39,0.03787732124328613,18
"[[215, 227, 7, 9, -5], [215, 227, 7, 9, -5], [180, 228, 7, 4.5, -5], [144, 228, 0, 9, -5]]",5,227,159,21,0.04186892509460449,18
"[[227, 222, 10, 9, -5], [215, 227, 7, 9, -5], [215, 227, 7, 9, -5], [180, 228, 7, 4.5, -5]]",5,227,159,40,0.039946556091308594,18
"[[227, 222, 14, 9, -5], [227, 222, 10, 9, -5], [215, 227, 7, 9, -5], [215, 227, 7, 9, -5]]",5,226,131,39,0.040891408920288086,17
"[[227, 159, 17, 9, -5], [227, 222, 14, 9, -5], [227, 222, 10, 9, -5], [215, 227, 7, 9, -5]]",5,226,95,39,0.039467811584472656,17
"[[227, 159, 18, 9, -5], [227, 159, 17, 9, -5], [227, 222, 14, 9, -5], [227, 222, 10, 9, -5]]",5,226,68,21,0.04388928413391113,17
"[[227, 159, 18, 9, -5], [227, 159, 18, 9, -5], [227, 159, 17, 9, -5], [227, 222, 14, 9, -5]]",5,226,59,21,0.04388928413391113,17
"[[226, 95, 17, 2, -5], [227, 159, 18, 9, -5], [227, 159, 18, 9, -5], [227, 159, 17, 9, -5]]",0,225,184,39,0.06964707374572754,16
"[[226, 59, 18, 9, -6], [226, 95, 17, 2, -5], [227, 159, 18, 9, -5], [227, 159, 18, 9, -5]]",5,225,66,40,0.046869516372680664,16
"[[226, 59, 16, 9, -6], [226, 59, 18, 9, -6], [226, 95, 17, 2, -5], [227, 159, 18, 9, -5]]",5,225,57,39,0.041858673095703125,16
"[[226, 59, 16, 9, -6], [226, 59, 16, 9, -6], [226, 59, 18, 9, -6], [226, 95, 17, 2, -5]]",5,225,75,39,0.041858673095703125,16
"[[225, 184, 14, 9, -6], [226, 59, 16, 9, -6], [226, 59, 16, 9, -6], [226, 59, 18, 9, -6]]",5,224,74,40,0.07363128662109375,15
"[[225, 57, 10, 9, -6], [225, 184, 14, 9, -6], [226, 59, 16, 9, -6], [226, 59, 16, 9, -6]]",5,224,92,39,0.042879343032836914,15
"[[225, 75, 10, 3.5, -6], [225, 57, 10, 9, -6], [225, 184, 14, 9, -6], [226, 59, 16, 9, -6]]",1,224,183,40,0.044137001037597656,15
"[[224, 92, 9, 9, -6], [225, 75, 10, 3.5, -6], [225, 57, 10, 9, -6], [225, 184, 14, 9, -6]]",5,223,127,39,0.04311490058898926,14
"[[224, 92, 9, 9, -6], [224, 92, 9, 9, -6], [225, 75, 10, 3.5, -6], [225, 57, 10, 9, -6]]",5,223,136,39,0.04311490058898926,14
"[[224, 183, 8, 9, -6], [224, 92, 9, 9, -6], [224, 92, 9, 9, -6], [225, 75, 10, 3.5, -6]]",5,223,136,40,0.0718085765838623,14
"[[224, 183, 5, 9, -6], [224, 183, 8, 9, -6], [224, 92, 9, 9, -6], [224, 92, 9, 9, -6]]",5,222,144,39,0.0388951301574707,13
"[[223, 136, 4, 9, -7], [224, 183, 5, 9, -6], [224, 183, 8, 9, -6], [224, 92, 9, 9, -6]]",5,222,170,40,0.05187821388244629,13
"[[223, 136, 5, 9, -7], [223, 136, 4, 9, -7], [224, 183, 5, 9, -6], [224, 183, 8, 9, -6]]",5,221,178,39,0.04023861885070801,12
"[[222, 170, 3, 9, -7], [223, 136, 5, 9, -7], [223, 136, 4, 9, -7], [224, 183, 5, 9, -6]]",5,221,169,40,0.056706905364990234,12
"[[221, 178, 3, 4, -7], [222, 170, 3, 9, -7], [223, 136, 5, 9, -7], [223, 136, 4, 9, -7]]",2,220,201,39,0.026945829391479492,11
"[[221, 178, 2, 9, -7], [221, 178, 3, 4, -7], [222, 170, 3, 9, -7], [223, 136, 5, 9, -7]]",5,220,186,21,0.03763318061828613,11
"[[220, 201, 3, 9, -7], [221, 178, 2, 9, -7], [221, 178, 3, 4, -7], [222, 170, 3, 9, -7]]",5,220,195,40,0.03880023956298828,11
"[[220, 201, 3, 9, -7], [220, 201, 3, 9, -7], [221, 178, 2, 9, -7], [221, 178, 3, 4, -7]]",5,219,185,39,0.035575151443481445,10
"[[220, 186, 3, 9, -7], [220, 201, 3, 9, -7], [220, 201, 3, 9, -7], [221, 178, 2, 9, -7]]",5,219,185,40,0.05111289024353027,10
"[[219, 185, 6, 9, -7], [220, 186, 3, 9, -7], [220, 201, 3, 9, -7], [220, 201, 3, 9, -7]]",5,218,184,39,0.03841042518615723,9
"[[219, 185, 7, 9, -7], [219, 185, 6, 9, -7], [220, 186, 3, 9, -7], [220, 201, 3, 9, -7]]",5,218,157,21,0.038938045501708984,9
"[[219, 185, 7, 9, -7], [219, 185, 7, 9, -7], [219, 185, 6, 9, -7], [220, 186, 3, 9, -7]]",5,217,147,40,0.035904884338378906,8
"[[218, 157, 10, 9, -7], [219, 185, 7, 9, -7], [219, 185, 7, 9, -7], [219, 185, 6, 9, -7]]",5,217,147,39,0.0388941764831543,8
"[[217, 147, 12, 9, -7], [218, 157, 10, 9, -7], [219, 185, 7, 9, -7], [219, 185, 7, 9, -7]]",5,216,119,40,0.047901153564453125,7
"[[217, 147, 11, 9, -7], [217, 147, 12, 9, -7], [218, 157, 10, 9, -7], [219, 185, 7, 9, -7]]",5,216,101,39,0.04203224182128906,7
"[[217, 147, 13, 9, -7], [217, 147, 11, 9, -7], [217, 147, 12, 9, -7], [218, 157, 10, 9, -7]]",5,215,109,21,0.03351235389709473,6
"[[216, 119, 15, 9, -7], [217, 147, 13, 9, -7], [217, 147, 11, 9, -7], [217, 147, 12, 9, -7]]",5,215,91,40,0.03892660140991211,6
"[[216, 101, 15, 9, -7], [216, 119, 15, 9, -7], [217, 147, 13, 9, -7], [217, 147, 11, 9, -7]]",5,214,72,39,0.03903007507324219,5
"[[215, 91, 12, 9, -7], [216, 101, 15, 9, -7], [216, 119, 15, 9, -7], [217, 147, 13, 9, -7]]",5,214,72,40,0.04488039016723633,5
"[[215, 91, 11, 9, -7], [215, 91, 12, 9, -7], [216, 101, 15, 9, -7], [216, 119, 15, 9, -7]]",5,214,99,39,0.042885541915893555,5
"[[214, 72, 12, 9, -8], [215, 91, 11, 9, -7], [215, 91, 12, 9, -7], [216, 101, 15, 9, -7]]",5,213,106,21,0.03795623779296875,4
"[[214, 99, 9, 9, -8], [214, 72, 12, 9, -8], [215, 91, 11, 9, -7], [215, 91, 12, 9, -7]]",5,212,96,39,0.03889727592468262,3
"[[213, 106, 6, 9, -8], [214, 99, 9, 9, -8], [214, 72, 12, 9, -8], [215, 91, 11, 9, -7]]",5,212,123,40,0.04342532157897949,3
"[[212, 96, 4, 9, -8], [213, 106, 6, 9, -8], [214, 99, 9, 9, -8], [214, 72, 12, 9, -8]]",5,211,149,39,0.03683018684387207,2
"[[212, 96, 4, 9, -8], [212, 96, 4, 9, -8], [213, 106, 6, 9, -8], [214, 99, 9, 9, -8]]",5,210,166,21,0.03897261619567871,1
"[[212, 123, 3, 9, -8], [212, 96, 4, 9, -8], [212, 96, 4, 9, -8], [213, 106, 6, 9, -8]]",5,210,166,40,0.045568227767944336,1
"[[210, 166, 0, 9, -8], [212, 123, 3, 9, -8], [212, 96, 4, 9, -8], [212, 96, 4, 9, -8]]",5,209,174,40,0.04088902473449707,0
"[[210, 166, 1, 9, -8], [210, 166, 0, 9, -8], [212, 123, 3, 9, -8], [212, 96, 4, 9, -8]]",5,209,201,39,0.03989362716674805,0
"[[210, 166, 1, 2, -8], [210, 166, 1, 9, -8], [210, 166, 0, 9, -8], [212, 123, 3, 9, -8]]",0,209,199,21,0.039893388748168945,0
"[[209, 174, 1, 3.5, -8], [210, 166, 1, 2, -8], [210, 166, 1, 9, -8], [210, 166, 0, 9, -8]]",1,208,197,40,0.04111599922180176,-1
"[[209, 201, 1, 9, -8], [209, 174, 1, 3.5, -8], [210, 166, 1, 2, -8], [210, 166, 1, 9, -8]]",5,208,191,39,0.03947114944458008,-1
"[[208, 197, 3, 9, -8], [209, 201, 1, 9, -8], [209, 174, 1, 3.5, -8], [210, 166, 1, 2, -8]]",5,207,190,40,0.042249202728271484,-2
"[[208, 191, 5, 9, -8], [208, 197, 3, 9, -8], [209, 201, 1, 9, -8], [209, 174, 1, 3.5, -8]]",5,207,172,21,0.042873382568359375,-2
"[[208, 191, 6, 9, -8], [208, 191, 5, 9, -8], [208, 197, 3, 9, -8], [209, 201, 1, 9, -8]]",5,206,153,21,0.042873382568359375,-3
"[[207, 190, 8, 9, -8], [208, 191, 6, 9, -8], [208, 191, 5, 9, -8], [208, 197, 3, 9, -8]]",5,206,144,39,0.051609039306640625,-3
"[[206, 153, 13, 9, -8], [207, 190, 8, 9, -8], [208, 191, 6, 9, -8], [208, 191, 5, 9, -8]]",5,205,125,40,0.031914710998535156,-4
"[[206, 144, 13, 9, -8], [206, 153, 13, 9, -8], [207, 190, 8, 9, -8], [208, 191, 6, 9, -8]]",5,205,80,39,0.04070687294006348,-4
"[[206, 144, 14, 9, -8], [206, 144, 13, 9, -8], [206, 153, 13, 9, -8], [207, 190, 8, 9, -8]]",5,204,79,39,0.04070687294006348,-5
"[[205, 125, 16, 9, -8], [206, 144, 14, 9, -8], [206, 144, 13, 9, -8], [206, 153, 13, 9, -8]]",5,204,70,40,0.06883597373962402,-5
"[[205, 125, 19, 4.5, -8], [205, 125, 16, 9, -8], [206, 144, 14, 9, -8], [206, 144, 13, 9, -8]]",3,203,123,39,0.04276132583618164,-6
"[[204, 79, 17, 9, -9], [205, 125, 19, 4.5, -8], [205, 125, 16, 9, -8], [206, 144, 14, 9, -8]]",5,203,23,40,0.043881893157958984,-6
"[[203, 123, 18, 9, -9], [204, 79, 17, 9, -9], [205, 125, 19, 4.5, -8], [205, 125, 16, 9, -8]]",5,202,40,39,0.041887760162353516,-7
"[[203, 123, 18, 9, -9], [203, 123, 18, 9, -9], [204, 79, 17, 9, -9], [205, 125, 19, 4.5, -8]]",5,202,31,39,0.03989362716674805,-7
"[[203, 23, 16, 9, -9], [203, 123, 18, 9, -9], [203, 123, 18, 9, -9], [204, 79, 17, 9, -9]]",5,201,30,40,0.037589311599731445,-8
"[[202, 31, 15, 4, -9], [203, 23, 16, 9, -9], [203, 123, 18, 9, -9], [203, 123, 18, 9, -9]]",2,201,128,40,0.03988838195800781,-8
"[[202, 31, 13, 9, -9], [202, 31, 15, 4, -9], [203, 23, 16, 9, -9], [203, 123, 18, 9, -9]]",5,200,56,40,0.037908077239990234,-9
"[[201, 30, 8, 9, -9], [202, 31, 13, 9, -9], [202, 31, 15, 4, -9], [203, 23, 16, 9, -9]]",5,200,74,39,0.045865535736083984,-9
"[[200, 56, 4, 9, -9], [201, 30, 8, 9, -9], [202, 31, 13, 9, -9], [202, 31, 15, 4, -9]]",5,200,119,39,0.042885780334472656,-9
"[[200, 56, 0, 9, -9], [200, 56, 4, 9, -9], [201, 30, 8, 9, -9], [202, 31, 13, 9, -9]]",5,199,154,40,0.04091286659240723,-10
"[[200, 74, -4, 9, -9], [200, 56, 0, 9, -9], [200, 56, 4, 9, -9], [201, 30, 8, 9, -9]]",5,199,190,40,0.04086756706237793,-10
"[[199, 154, -6, 9, -9], [200, 74, -4, 9, -9], [200, 56, 0, 9, -9], [200, 56, 4, 9, -9]]",5,172,198,40,0.04189491271972656,-11
"[[199, 154, -9, 9, -9], [199, 154, -6, 9, -9], [200, 74, -4, 9, -9], [200, 56, 0, 9, -9]]",5,154,198,38,0.04077601432800293,-11
"[[199, 190, -9, 9, -9], [199, 154, -9, 9, -9], [199, 154, -6, 9, -9], [200, 74, -4, 9, -9]]",5,126,197,39,0.0408022403717041,-12
"[[154, 198, -11, 9, -9], [199, 190, -9, 9, -9], [199, 154, -9, 9, -9], [199, 154, -6, 9, -9]]",5,126,197,40,0.041886329650878906,-12
"[[154, 198, -13, 9, -9], [154, 198, -11, 9, -9], [199, 190, -9, 9, -9], [199, 154, -9, 9, -9]]",5,108,197,40,0.0398402214050293,-12
"[[126, 197, -12, 9, -9], [154, 198, -13, 9, -9], [154, 198, -11, 9, -9], [199, 190, -9, 9, -9]]",5,89,196,40,0.041944026947021484,-13
"[[108, 197, -12, 9, -9], [126, 197, -12, 9, -9], [154, 198, -13, 9, -9], [154, 198, -11, 9, -9]]",5,98,196,39,0.041887521743774414,-13
"[[108, 197, -11, 9, -9], [108, 197, -12, 9, -9], [126, 197, -12, 9, -9], [154, 198, -13, 9, -9]]",5,97,195,39,0.03952622413635254,-14
"[[89, 196, -10, 9, -9], [108, 197, -11, 9, -9], [108, 197, -12, 9, -9], [126, 197, -12, 9, -9]]",5,106,195,40,0.03991556167602539,-14
"[[97, 195, -7, 9, -9], [89, 196, -10, 9, -9], [108, 197, -11, 9, -9], [108, 197, -12, 9, -9]]",5,115,195,40,0.03887319564819336,-14
"[[97, 195, -5, 9, -9], [97, 195, -7, 9, -9], [89, 196, -10, 9, -9], [108, 197, -11, 9, -9]]",5,141,194,39,0.0405120849609375,-15
"[[106, 195, -1, 9, -9], [97, 195, -5, 9, -9], [97, 195, -7, 9, -9], [89, 196, -10, 9, -9]]",5,159,194,39,0.04269123077392578,-15
"[[141, 194, 1, 9, -9], [106, 195, -1, 9, -9], [97, 195, -5, 9, -9], [97, 195, -7, 9, -9]]",5,194,194,39,0.03791689872741699,-15
"[[141, 194, 2, 9, -9], [141, 194, 1, 9, -9], [106, 195, -1, 9, -9], [97, 195, -5, 9, -9]]",5,193,175,40,0.037874698638916016,-16
"[[193, 175, 8, 9, -9], [141, 194, 2, 9, -9], [141, 194, 1, 9, -9], [106, 195, -1, 9, -9]]",5,193,166,40,0.035166263580322266,-16
"[[193, 175, 8, 9, -9], [193, 175, 8, 9, -9], [141, 194, 2, 9, -9], [141, 194, 1, 9, -9]]",5,193,112,39,0.027936697006225586,-16
"[[193, 166, 9, 9, -9], [193, 175, 8, 9, -9], [193, 175, 8, 9, -9], [141, 194, 2, 9, -9]]",5,192,111,39,0.03813886642456055,-17
"[[193, 112, 11, 9, -9], [193, 166, 9, 9, -9], [193, 175, 8, 9, -9], [193, 175, 8, 9, -9]]",5,192,102,40,0.040891408920288086,-17
"[[193, 112, 9, 9, -9], [193, 112, 11, 9, -9], [193, 166, 9, 9, -9], [193, 175, 8, 9, -9]]",5,192,84,39,0.04016280174255371,-17
"[[192, 102, 8, 9, -9], [193, 112, 9, 9, -9], [193, 112, 11, 9, -9], [193, 166, 9, 9, -9]]",5,192,102,39,0.04388904571533203,-17
"[[192, 84, 9, 9, -9], [192, 102, 8, 9, -9], [193, 112, 9, 9, -9], [193, 112, 11, 9, -9]]",5,191,110,39,0.03717231750488281,-18
"[[192, 84, 8, 9, -9], [192, 84, 9, 9, -9], [192, 102, 8, 9, -9], [193, 112, 9, 9, -9]]",5,191,101,40,0.0408937931060791,-18
"[[191, 110, 5, 9, -9], [192, 84, 8, 9, -9], [192, 84, 9, 9, -9], [192, 102, 8, 9, -9]]",5,191,110,40,0.041855812072753906,-18
"[[191, 110, 4, 9, -9], [191, 110, 5, 9, -9], [192, 84, 8, 9, -9], [192, 84, 9, 9, -9]]",5,191,137,39,0.03989577293395996,-18
"[[191, 101, 0, 9, -9], [191, 110, 4, 9, -9], [191, 110, 5, 9, -9], [192, 84, 8, 9, -9]]",5,191,146,39,0.04165792465209961,-18
"[[191, 137, -3, 9, -9], [191, 101, 0, 9, -9], [191, 110, 4, 9, -9], [191, 110, 5, 9, -9]]",5,190,181,39,0.041887760162353516,-19
"[[191, 137, -4, 9, -9], [191, 137, -3, 9, -9], [191, 101, 0, 9, -9], [191, 110, 4, 9, -9]]",5,173,190,40,0.03889656066894531,-19
"[[191, 146, -7, 9, -9], [191, 137, -4, 9, -9], [191, 137, -3, 9, -9], [191, 101, 0, 9, -9]]",5,164,190,40,0.04288506507873535,-19
"[[190, 181, -9, 9, -9], [191, 146, -7, 9, -9], [191, 137, -4, 9, -9], [191, 137, -3, 9, -9]]",5,137,190,39,0.04107522964477539,-19
"[[190, 181, -11, 9, -9], [190, 181, -9, 9, -9], [191, 146, -7, 9, -9], [191, 137, -4, 9, -9]]",5,119,190,39,0.041478872299194336,-19
"[[164, 190, -13, 9, -9], [190, 181, -11, 9, -9], [190, 181, -9, 9, -9], [191, 146, -7, 9, -9]]",5,101,190,39,0.04090380668640137,-19
"[[137, 190, -16, 9, -9], [164, 190, -13, 9, -9], [190, 181, -11, 9, -9], [190, 181, -9, 9, -9]]",5,83,190,39,0.049413442611694336,-19
"[[101, 190, -16, 9, -9], [137, 190, -16, 9, -9], [164, 190, -13, 9, -9], [190, 181, -11, 9, -9]]",5,56,190,39,0.039243221282958984,-19
"[[101, 190, -17, 9, -9], [101, 190, -16, 9, -9], [137, 190, -16, 9, -9], [164, 190, -13, 9, -9]]",5,56,190,21,0.04104018211364746,-19
"[[83, 190, -17, 9, -9], [101, 190, -17, 9, -9], [101, 190, -16, 9, -9], [137, 190, -16, 9, -9]]",5,47,190,40,0.03691411018371582,-19
"[[83, 190, -18, 9, -8], [83, 190, -17, 9, -9], [101, 190, -17, 9, -9], [101, 190, -16, 9, -9]]",5,46,190,39,0.04095029830932617,-19
"[[56, 190, -17, 9, -8], [83, 190, -18, 9, -8], [83, 190, -17, 9, -9], [101, 190, -17, 9, -9]]",5,37,190,40,0.04388117790222168,-19
"[[47, 190, -14, 9, -8], [56, 190, -17, 9, -8], [83, 190, -18, 9, -8], [83, 190, -17, 9, -9]]",5,46,190,41,0.039893388748168945,-19
"[[37, 190, -13, 4.5, -8], [47, 190, -14, 9, -8], [56, 190, -17, 9, -8], [83, 190, -18, 9, -8]]",3,136,190,40,0.038897037506103516,-19
"[[46, 190, -11, 9, -8], [37, 190, -13, 4.5, -8], [47, 190, -14, 9, -8], [56, 190, -17, 9, -8]]",5,82,190,39,0.04288458824157715,-19
"[[136, 190, -5, 9, -8], [46, 190, -11, 9, -8], [37, 190, -13, 4.5, -8], [47, 190, -14, 9, -8]]",5,100,190,39,0.04013705253601074,-19
"[[136, 190, -2, 9, -8], [136, 190, -5, 9, -8], [46, 190, -11, 9, -8], [37, 190, -13, 4.5, -8]]",5,154,190,39,0.04288816452026367,-19
"[[136, 190, -2, 9, -8], [136, 190, -2, 9, -8], [136, 190, -5, 9, -8], [46, 190, -11, 9, -8]]",5,181,190,39,0.04288816452026367,-19
"[[82, 190, 3, 9, -8], [136, 190, -2, 9, -8], [136, 190, -2, 9, -8], [136, 190, -5, 9, -8]]",5,181,190,39,0.06980347633361816,-19
"[[154, 190, 4, 9, -8], [82, 190, 3, 9, -8], [136, 190, -2, 9, -8], [136, 190, -2, 9, -8]]",5,190,155,39,0.04012274742126465,-19
"[[181, 190, 7, 9, -8], [154, 190, 4, 9, -8], [82, 190, 3, 9, -8], [136, 190, -2, 9, -8]]",5,190,146,40,0.04564690589904785,-19
"[[190, 155, 8, 9, -8], [181, 190, 7, 9, -8], [154, 190, 4, 9, -8], [82, 190, 3, 9, -8]]",5,190,119,39,0.04089188575744629,-19
"[[190, 155, 8, 6, -8], [190, 155, 8, 9, -8], [181, 190, 7, 9, -8], [154, 190, 4, 9, -8]]",4,190,134,39,0.04089188575744629,-19
"[[190, 119, 6, 9, -8], [190, 155, 8, 6, -8], [190, 155, 8, 9, -8], [181, 190, 7, 9, -8]]",5,190,110,40,0.07786440849304199,-19
"[[190, 119, 7, 9, -8], [190, 119, 6, 9, -8], [190, 155, 8, 6, -8], [190, 155, 8, 9, -8]]",5,190,128,39,0.037868499755859375,-19
"[[190, 134, 5, 6, -8], [190, 119, 7, 9, -8], [190, 119, 6, 9, -8], [190, 155, 8, 6, -8]]",4,191,141,40,0.03989887237548828,-18
"[[190, 128, 1, 9, -8], [190, 134, 5, 6, -8], [190, 119, 7, 9, -8], [190, 119, 6, 9, -8]]",5,191,138,39,0.0478665828704834,-18
"[[190, 128, 1, 9, -8], [190, 128, 1, 9, -8], [190, 134, 5, 6, -8], [190, 119, 7, 9, -8]]",5,191,174,39,0.0478665828704834,-18
"[[191, 141, -4, 9, -8], [190, 128, 1, 9, -8], [190, 128, 1, 9, -8], [190, 134, 5, 6, -8]]",5,191,174,39,0.037894248962402344,-18
"[[191, 141, -4, 9, -8], [191, 141, -4, 9, -8], [190, 128, 1, 9, -8], [190, 128, 1, 9, -8]]",5,164,191,39,0.037894248962402344,-18
"[[191, 174, -7, 9, -8], [191, 141, -4, 9, -8], [191, 141, -4, 9, -8], [190, 128, 1, 9, -8]]",5,165,192,40,0.05250978469848633,-17
"[[191, 174, -9, 9, -8], [191, 174, -7, 9, -8], [191, 141, -4, 9, -8], [191, 141, -4, 9, -8]]",5,138,192,39,0.04088926315307617,-17
"[[165, 192, -10, 9, -8], [191, 174, -9, 9, -8], [191, 174, -7, 9, -8], [191, 141, -4, 9, -8]]",5,120,192,40,0.06842041015625,-17
"[[165, 192, -10, 9, -8], [165, 192, -10, 9, -8], [191, 174, -9, 9, -8], [191, 174, -7, 9, -8]]",5,111,192,40,0.06842041015625,-17
"[[138, 192, -10, 9, -8], [165, 192, -10, 9, -8], [165, 192, -10, 9, -8], [191, 174, -9, 9, -8]]",5,112,193,39,0.0431981086730957,-16
"[[111, 192, -12, 9, -8], [138, 192, -10, 9, -8], [165, 192, -10, 9, -8], [165, 192, -10, 9, -8]]",5,112,193,40,0.04989981651306152,-16
"[[111, 192, -11, 9, -8], [111, 192, -12, 9, -8], [138, 192, -10, 9, -8], [165, 192, -10, 9, -8]]",5,94,193,39,0.039899587631225586,-16
"[[112, 193, -12, 9, -8], [111, 192, -11, 9, -8], [111, 192, -12, 9, -8], [138, 192, -10, 9, -8]]",5,104,194,40,0.045000314712524414,-15
"[[94, 193, -10, 9, -7], [112, 193, -12, 9, -8], [111, 192, -11, 9, -8], [111, 192, -12, 9, -8]]",5,94,194,39,0.039426565170288086,-15
"[[94, 193, -9, 9, -7], [94, 193, -10, 9, -7], [112, 193, -12, 9, -8], [111, 192, -11, 9, -8]]",5,112,194,21,0.0378413200378418,-15
"[[104, 194, -7, 9, -7], [94, 193, -9, 9, -7], [94, 193, -10, 9, -7], [112, 193, -12, 9, -8]]",5,122,195,40,0.04188680648803711,-14
"[[112, 194, -6, 9, -7], [104, 194, -7, 9, -7], [94, 193, -9, 9, -7], [94, 193, -10, 9, -7]]",5,140,195,39,0.040747880935668945,-14
"[[122, 195, -2, 9, -7], [112, 194, -6, 9, -7], [104, 194, -7, 9, -7], [94, 193, -9, 9, -7]]",5,149,195,40,0.041914939880371094,-14
"[[122, 195, -1, 9, -7], [122, 195, -2, 9, -7], [112, 194, -6, 9, -7], [104, 194, -7, 9, -7]]",5,186,196,39,0.041676998138427734,-13
"[[149, 195, -2, 9, -7], [122, 195, -1, 9, -7], [122, 195, -2, 9, -7], [112, 194, -6, 9, -7]]",5,195,196,21,0.03975796699523926,-13
"[[149, 195, 0, 9, -7], [149, 195, -2, 9, -7], [122, 195, -1, 9, -7], [122, 195, -2, 9, -7]]",5,186,196,40,0.03998732566833496,-13
"[[186, 196, 1, 9, -7], [149, 195, 0, 9, -7], [149, 195, -2, 9, -7], [122, 195, -1, 9, -7]]",5,197,190,39,0.03989386558532715,-12
"[[186, 196, 1, 9, -7], [186, 196, 1, 9, -7], [149, 195, 0, 9, -7], [149, 195, -2, 9, -7]]",5,197,181,40,0.04288482666015625,-12
"[[197, 190, 1, 9, -7], [186, 196, 1, 9, -7], [186, 196, 1, 9, -7], [149, 195, 0, 9, -7]]",5,198,182,39,0.04191994667053223,-11
"[[197, 190, 2, 9, -7], [197, 190, 1, 9, -7], [186, 196, 1, 9, -7], [186, 196, 1, 9, -7]]",5,198,182,21,0.03385519981384277,-11
"[[197, 181, -2, 9, -7], [197, 190, 2, 9, -7], [197, 190, 1, 9, -7], [186, 196, 1, 9, -7]]",5,199,174,39,0.024911880493164062,-10
"[[198, 182, -2, 9, -7], [197, 181, -2, 9, -7], [197, 190, 2, 9, -7], [197, 190, 1, 9, -7]]",5,189,199,21,0.04160451889038086,-10
"[[198, 182, -2, 4, -7], [198, 182, -2, 9, -7], [197, 181, -2, 9, -7], [197, 190, 2, 9, -7]]",2,199,199,21,0.04160451889038086,-10
"[[199, 174, -3, 9, -7], [198, 182, -2, 4, -7], [198, 182, -2, 9, -7], [197, 181, -2, 9, -7]]",5,190,200,39,0.06245255470275879,-9
"[[199, 174, -3, 9, -7], [199, 174, -3, 9, -7], [198, 182, -2, 4, -7], [198, 182, -2, 9, -7]]",5,181,200,39,0.06245255470275879,-9
"[[199, 199, -6, 9, -7], [199, 174, -3, 9, -7], [199, 174, -3, 9, -7], [198, 182, -2, 4, -7]]",5,182,201,39,0.037551164627075195,-8
"[[199, 199, -6, 9, -7], [199, 199, -6, 9, -7], [199, 174, -3, 9, -7], [199, 174, -3, 9, -7]]",5,155,201,39,0.037551164627075195,-8
"[[181, 200, -10, 9, -7], [199, 199, -6, 9, -7], [199, 199, -6, 9, -7], [199, 174, -3, 9, -7]]",5,156,202,40,0.04973268508911133,-7
"[[182, 201, -10, 9, -7], [181, 200, -10, 9, -7], [199, 199, -6, 9, -7], [199, 199, -6, 9, -7]]",5,120,202,39,0.041898250579833984,-7
"[[156, 202, -10, 9, -7], [182, 201, -10, 9, -7], [181, 200, -10, 9, -7], [199, 199, -6, 9, -7]]",5,120,202,40,0.06927227973937988,-7
"[[120, 202, -12, 9, -7], [156, 202, -10, 9, -7], [182, 201, -10, 9, -7], [181, 200, -10, 9, -7]]",5,121,203,39,0.03194117546081543,-6
"[[120, 202, -13, 9, -7], [120, 202, -12, 9, -7], [156, 202, -10, 9, -7], [182, 201, -10, 9, -7]]",5,104,204,21,0.022483348846435547,-5
"[[120, 202, -12, 9, -7], [120, 202, -13, 9, -7], [120, 202, -12, 9, -7], [156, 202, -10, 9, -7]]",5,95,204,40,0.03932905197143555,-5
"[[120, 202, -12, 9, -7], [120, 202, -12, 9, -7], [120, 202, -13, 9, -7], [120, 202, -12, 9, -7]]",5,105,205,39,0.04089069366455078,-4
"[[104, 204, -11, 9, -6], [120, 202, -12, 9, -7], [120, 202, -12, 9, -7], [120, 202, -13, 9, -7]]",5,104,205,40,0.04347681999206543,-4
"[[95, 204, -10, 9, -6], [104, 204, -11, 9, -6], [120, 202, -12, 9, -7], [120, 202, -12, 9, -7]]",5,114,206,39,0.03913116455078125,-3
"[[95, 204, -8, 2, -6], [95, 204, -10, 9, -6], [104, 204, -11, 9, -6], [120, 202, -12, 9, -7]]",0,193,206,21,0.0383608341217041,-3
"[[104, 205, -8, 9, -6], [95, 204, -8, 2, -6], [95, 204, -10, 9, -6], [104, 204, -11, 9, -6]]",5,142,207,40,0.04050946235656738,-2
"[[114, 206, -6, 9, -6], [104, 205, -8, 9, -6], [95, 204, -8, 2, -6], [95, 204, -10, 9, -6]]",5,142,207,39,0.03896045684814453,-2
"[[142, 207, -3, 9, -6], [114, 206, -6, 9, -6], [104, 205, -8, 9, -6], [95, 204, -8, 2, -6]]",5,161,208,40,0.041502952575683594,-1
"[[142, 207, -2, 4.5, -6], [142, 207, -3, 9, -6], [114, 206, -6, 9, -6], [104, 205, -8, 9, -6]]",3,202,208,39,0.04062342643737793,-1
"[[142, 207, 0, 9, -6], [142, 207, -2, 4.5, -6], [142, 207, -3, 9, -6], [114, 206, -6, 9, -6]]",5,198,209,40,0.04088950157165527,0
"[[202, 208, 3, 9, -6], [142, 207, 0, 9, -6], [142, 207, -2, 4.5, -6], [142, 207, -3, 9, -6]]",5,209,203,39,0.04209160804748535,0
"[[198, 209, 4, 9, -6], [202, 208, 3, 9, -6], [142, 207, 0, 9, -6], [142, 207, -2, 4.5, -6]]",5,209,176,40,0.040918827056884766,0
"[[209, 203, 5, 9, -6], [198, 209, 4, 9, -6], [202, 208, 3, 9, -6], [142, 207, 0, 9, -6]]",5,210,168,39,0.039865970611572266,1
"[[209, 203, 6, 9, -6], [209, 203, 5, 9, -6], [198, 209, 4, 9, -6], [202, 208, 3, 9, -6]]",5,210,159,21,0.0404813289642334,1
"[[210, 168, 8, 9, -6], [209, 203, 6, 9, -6], [209, 203, 5, 9, -6], [198, 209, 4, 9, -6]]",5,211,151,40,0.039882659912109375,2
"[[210, 168, 8, 6, -6], [210, 168, 8, 9, -6], [209, 203, 6, 9, -6], [209, 203, 5, 9, -6]]",4,211,157,40,0.039882659912109375,2
"[[210, 159, 11, 9, -6], [210, 168, 8, 6, -6], [210, 168, 8, 9, -6], [209, 203, 6, 9, -6]]",5,211,133,40,0.08162569999694824,2
"[[211, 157, 11, 9, -6], [210, 159, 11, 9, -6], [210, 168, 8, 6, -6], [210, 168, 8, 9, -6]]",5,212,107,39,0.040194034576416016,3
"[[211, 157, 11, 9, -7], [211, 157, 11, 9, -6], [210, 159, 11, 9, -6], [210, 168, 8, 6, -6]]",5,212,106,39,0.040194034576416016,3
"[[211, 133, 9, 2, -7], [211, 157, 11, 9, -7], [211, 157, 11, 9, -6], [210, 159, 11, 9, -6]]",0,213,184,40,0.07679533958435059,4
"[[212, 106, 9, 6, -7], [211, 133, 9, 2, -7], [211, 157, 11, 9, -7], [211, 157, 11, 9, -6]]",4,214,153,39,0.03992891311645508,5
"[[213, 184, 6, 2, -7], [212, 106, 9, 6, -7], [211, 133, 9, 2, -7], [211, 157, 11, 9, -7]]",0,214,189,40,0.044460296630859375,5
"[[213, 184, 4, 3.5, -7], [213, 184, 6, 2, -7], [212, 106, 9, 6, -7], [211, 133, 9, 2, -7]]",1,214,186,39,0.04301333427429199,5
"[[213, 184, 3, 9, -7], [213, 184, 4, 3.5, -7], [213, 184, 6, 2, -7], [212, 106, 9, 6, -7]]",5,215,172,39,0.04301333427429199,6
"[[214, 189, 2, 9, -7], [213, 184, 3, 9, -7], [213, 184, 4, 3.5, -7], [213, 184, 6, 2, -7]]",5,215,181,40,0.07379436492919922,6
"[[214, 186, -1, 9, -7], [214, 189, 2, 9, -7], [213, 184, 3, 9, -7], [213, 184, 4, 3.5, -7]]",5,216,191,39,0.03878068923950195,7
"[[215, 181, -1, 9, -7], [214, 186, -1, 9, -7], [214, 189, 2, 9, -7], [213, 184, 3, 9, -7]]",5,215,216,40,0.04678773880004883,7
"[[215, 181, -2, 2, -7], [215, 181, -1, 9, -7], [214, 186, -1, 9, -7], [214, 189, 2, 9, -7]]",0,217,212,39,0.04188799858093262,8
"[[216, 191, -2, 9, -7], [215, 181, -2, 2, -7], [215, 181, -1, 9, -7], [214, 186, -1, 9, -7]]",5,207,217,40,0.04721212387084961,8
"[[217, 212, -4, 9, -7], [216, 191, -2, 9, -7], [215, 181, -2, 2, -7], [215, 181, -1, 9, -7]]",5,208,218,39,0.03809404373168945,9
"[[217, 212, -3, 9, -7], [217, 212, -4, 9, -7], [216, 191, -2, 9, -7], [215, 181, -2, 2, -7]]",5,190,218,21,0.0359041690826416,9
"[[207, 217, -1, 9, -7], [217, 212, -3, 9, -7], [217, 212, -4, 9, -7], [216, 191, -2, 9, -7]]",5,200,219,40,0.04284238815307617,10
"[[190, 218, 0, 9, -7], [207, 217, -1, 9, -7], [217, 212, -3, 9, -7], [217, 212, -4, 9, -7]]",5,218,219,39,0.04015946388244629,10
"[[200, 219, 2, 9, -7], [190, 218, 0, 9, -7], [207, 217, -1, 9, -7], [217, 212, -3, 9, -7]]",5,220,213,40,0.06884217262268066,11
"[[200, 219, 2, 9, -7], [200, 219, 2, 9, -7], [190, 218, 0, 9, -7], [207, 217, -1, 9, -7]]",5,220,195,40,0.06884217262268066,11
"[[220, 213, 6, 9, -7], [200, 219, 2, 9, -7], [200, 219, 2, 9, -7], [190, 218, 0, 9, -7]]",5,220,195,21,0.050836801528930664,11
"[[220, 213, 5, 9, -7], [220, 213, 6, 9, -7], [200, 219, 2, 9, -7], [200, 219, 2, 9, -7]]",5,221,160,40,0.043895721435546875,12
"[[220, 195, 7, 2, -7], [220, 213, 5, 9, -7], [220, 213, 6, 9, -7], [200, 219, 2, 9, -7]]",0,221,204,39,0.0408780574798584,12
"[[221, 160, 8, 9, -7], [220, 195, 7, 2, -7], [220, 213, 5, 9, -7], [220, 213, 6, 9, -7]]",5,222,152,40,0.03989863395690918,13
"[[221, 204, 7, 9, -7], [221, 160, 8, 9, -7], [220, 195, 7, 2, -7], [220, 213, 5, 9, -7]]",5,222,143,39,0.04188394546508789,13
"[[221, 204, 7, 9, -7], [221, 204, 7, 9, -7], [221, 160, 8, 9, -7], [220, 195, 7, 2, -7]]",5,222,152,21,0.03944969177246094,13
"[[222, 143, 6, 9, -7], [221, 204, 7, 9, -7], [221, 204, 7, 9, -7], [221, 160, 8, 9, -7]]",5,223,153,40,0.04133772850036621,14
"[[222, 143, 4, 9, -7], [222, 143, 6, 9, -7], [221, 204, 7, 9, -7], [221, 204, 7, 9, -7]]",5,223,162,39,0.03529238700866699,14
"[[222, 152, 2, 4.5, -7], [222, 143, 4, 9, -7], [222, 143, 6, 9, -7], [221, 204, 7, 9, -7]]",3,223,198,40,0.04586529731750488,14
"[[223, 162, 0, 9, -7], [222, 152, 2, 4.5, -7], [222, 143, 4, 9, -7], [222, 143, 6, 9, -7]]",5,224,199,39,0.0397486686706543,15
"[[223, 162, 0, 9, -7], [223, 162, 0, 9, -7], [222, 152, 2, 4.5, -7], [222, 143, 4, 9, -7]]",5,224,217,21,0.03690195083618164,15
"[[223, 198, -2, 9, -7], [223, 162, 0, 9, -7], [223, 162, 0, 9, -7], [222, 152, 2, 4.5, -7]]",5,224,217,40,0.037766218185424805,15
"[[224, 217, -5, 9, -7], [223, 198, -2, 9, -7], [223, 162, 0, 9, -7], [223, 162, 0, 9, -7]]",5,215,225,39,0.038809776306152344,16
"[[224, 217, -6, 9, -7], [224, 217, -5, 9, -7], [223, 198, -2, 9, -7], [223, 162, 0, 9, -7]]",5,188,225,40,0.05071902275085449,16
"[[224, 217, -6, 9, -7], [224, 217, -6, 9, -7], [224, 217, -5, 9, -7], [223, 198, -2, 9, -7]]",5,179,225,39,0.03989529609680176,16
"[[188, 225, -7, 9, -7], [224, 217, -6, 9, -7], [224, 217, -6, 9, -7], [224, 217, -5, 9, -7]]",5,180,226,21,0.037445068359375,17
"[[179, 225, -5, 9, -7], [188, 225, -7, 9, -7], [224, 217, -6, 9, -7], [224, 217, -6, 9, -7]]",5,171,226,39,0.01996159553527832,17
"[[179, 225, -4, 9, -7], [179, 225, -5, 9, -7], [188, 225, -7, 9, -7], [224, 217, -6, 9, -7]]",5,189,226,21,0.04172396659851074,17
"[[180, 226, -6, 9, -7], [179, 225, -4, 9, -7], [179, 225, -5, 9, -7], [188, 225, -7, 9, -7]]",5,199,227,40,0.03882598876953125,18
"[[180, 226, -3, 9, -7], [180, 226, -6, 9, -7], [179, 225, -4, 9, -7], [179, 225, -5, 9, -7]]",5,181,227,39,0.041886329650878906,18
"[[189, 226, 1, 9, -7], [180, 226, -3, 9, -7], [180, 226, -6, 9, -7], [179, 225, -4, 9, -7]]",5,208,227,40,0.042050838470458984,18
"[[199, 227, 2, 9, -7], [189, 226, 1, 9, -7], [180, 226, -3, 9, -7], [180, 226, -6, 9, -7]]",5,227,211,21,0.0388946533203125,18
"[[208, 227, 4, 9, -7], [199, 227, 2, 9, -7], [189, 226, 1, 9, -7], [180, 226, -3, 9, -7]]",5,227,202,40,0.04188799858093262,18
"[[208, 227, 6, 9, -7], [208, 227, 4, 9, -7], [199, 227, 2, 9, -7], [189, 226, 1, 9, -7]]",5,228,185,21,0.04188799858093262,19
"[[227, 202, 7, 9, -7], [208, 227, 6, 9, -7], [208, 227, 4, 9, -7], [199, 227, 2, 9, -7]]",5,228,167,40,0.04035234451293945,19
"[[227, 202, 9, 9, -7], [227, 202, 7, 9, -7], [208, 227, 6, 9, -7], [208, 227, 4, 9, -7]]",5,228,158,39,0.04174447059631348,19
"[[228, 185, 10, 9, -7], [227, 202, 9, 9, -7], [227, 202, 7, 9, -7], [208, 227, 6, 9, -7]]",5,228,140,40,0.049987077713012695,19
"[[228, 167, 10, 9, -7], [228, 185, 10, 9, -7], [227, 202, 9, 9, -7], [227, 202, 7, 9, -7]]",5,228,131,39,0.04038047790527344,19
"[[228, 167, 11, 9, -7], [228, 167, 10, 9, -7], [228, 185, 10, 9, -7], [227, 202, 9, 9, -7]]",5,228,131,21,0.03989768028259277,19
"[[228, 140, 10, 9, -7], [228, 167, 11, 9, -7], [228, 167, 10, 9, -7], [228, 185, 10, 9, -7]]",5,228,122,40,0.04003500938415527,19
"[[228, 131, 9, 9, -7], [228, 140, 10, 9, -7], [228, 167, 11, 9, -7], [228, 167, 10, 9, -7]]",5,228,131,39,0.039895057678222656,19
"[[228, 122, 10, 9, -7], [228, 131, 9, 9, -7], [228, 140, 10, 9, -7], [228, 167, 11, 9, -7]]",5,228,140,40,0.040917396545410156,19
"[[228, 122, 9, 6, -7], [228, 122, 10, 9, -7], [228, 131, 9, 9, -7], [228, 140, 10, 9, -7]]",4,228,161,39,0.04186081886291504,19
"[[228, 131, 8, 9, -8], [228, 122, 9, 6, -7], [228, 122, 10, 9, -7], [228, 131, 9, 9, -7]]",5,228,139,21,0.03990364074707031,19
"[[228, 131, 8, 9, -8], [228, 131, 8, 9, -8], [228, 122, 9, 6, -7], [228, 122, 10, 9, -7]]",5,228,148,40,0.040792226791381836,19
"[[228, 161, 7, 9, -8], [228, 131, 8, 9, -8], [228, 131, 8, 9, -8], [228, 122, 9, 6, -7]]",5,228,148,39,0.039896249771118164,19
"[[228, 139, 5, 9, -8], [228, 161, 7, 9, -8], [228, 131, 8, 9, -8], [228, 131, 8, 9, -8]]",5,228,157,40,0.04309487342834473,19
"[[228, 148, 3, 9, -8], [228, 139, 5, 9, -8], [228, 161, 7, 9, -8], [228, 131, 8, 9, -8]]",5,228,175,39,0.03888821601867676,19
"[[228, 157, 0, 9, -8], [228, 148, 3, 9, -8], [228, 139, 5, 9, -8], [228, 161, 7, 9, -8]]",5,228,193,40,0.05684804916381836,19
"[[228, 157, -1, 9, -8], [228, 157, 0, 9, -8], [228, 148, 3, 9, -8], [228, 139, 5, 9, -8]]",5,228,220,39,0.04188799858093262,19
"[[228, 193, -2, 9, -8], [228, 157, -1, 9, -8], [228, 157, 0, 9, -8], [228, 148, 3, 9, -8]]",5,228,228,21,0.03742218017578125,19
"[[228, 193, -5, 9, -8], [228, 193, -2, 9, -8], [228, 157, -1, 9, -8], [228, 157, 0, 9, -8]]",5,219,228,40,0.038895606994628906,19
"[[228, 220, -5, 9, -8], [228, 193, -5, 9, -8], [228, 193, -2, 9, -8], [228, 157, -1, 9, -8]]",5,192,228,39,0.041931867599487305,19
"[[219, 228, -5, 9, -8], [228, 220, -5, 9, -8], [228, 193, -5, 9, -8], [228, 193, -2, 9, -8]]",5,192,228,40,0.042394399642944336,19
"[[219, 228, -5, 9, -8], [219, 228, -5, 9, -8], [228, 220, -5, 9, -8], [228, 193, -5, 9, -8]]",5,192,228,39,0.03991985321044922,19
"[[192, 228, -3, 9, -8], [219, 228, -5, 9, -8], [219, 228, -5, 9, -8], [228, 220, -5, 9, -8]]",5,192,228,40,0.03989148139953613,19
"[[192, 228, -3, 9, -8], [192, 228, -3, 9, -8], [219, 228, -5, 9, -8], [219, 228, -5, 9, -8]]",5,209,227,21,0.04242253303527832,18
"[[192, 228, -1, 9, -8], [192, 228, -3, 9, -8], [192, 228, -3, 9, -8], [219, 228, -5, 9, -8]]",5,209,227,40,0.03866386413574219,18
"[[209, 227, 0, 9, -8], [192, 228, -1, 9, -8], [192, 228, -3, 9, -8], [192, 228, -3, 9, -8]]",5,227,227,39,0.04089856147766113,18
"[[209, 227, 0, 9, -8], [209, 227, 0, 9, -8], [192, 228, -1, 9, -8], [192, 228, -3, 9, -8]]",5,227,219,40,0.05384659767150879,18
"[[209, 227, 1, 6, -8], [209, 227, 0, 9, -8], [209, 227, 0, 9, -8], [192, 228, -1, 9, -8]]",4,227,219,39,0.038895606994628906,18
"[[227, 219, 2, 9, -8], [209, 227, 1, 6, -8], [209, 227, 0, 9, -8], [209, 227, 0, 9, -8]]",5,227,210,21,0.03789949417114258,18
"[[227, 219, 1, 2, -8], [227, 219, 2, 9, -8], [209, 227, 1, 6, -8], [209, 227, 0, 9, -8]]",0,226,214,40,0.03864789009094238,17
"[[227, 219, 2, 9, -8], [227, 219, 1, 2, -8], [227, 219, 2, 9, -8], [209, 227, 1, 6, -8]]",5,226,209,39,0.040891170501708984,17
"[[226, 214, 3, 9, -8], [227, 219, 2, 9, -8], [227, 219, 1, 2, -8], [227, 219, 2, 9, -8]]",5,226,200,40,0.04288506507873535,17
"[[226, 209, 3, 9, -8], [226, 214, 3, 9, -8], [227, 219, 2, 9, -8], [227, 219, 1, 2, -8]]",5,225,190,39,0.03989982604980469,16
"[[226, 209, 2, 9, -8], [226, 209, 3, 9, -8], [226, 214, 3, 9, -8], [227, 219, 2, 9, -8]]",5,225,190,21,0.03888297080993652,16
"[[226, 200, 3, 3.5, -8], [226, 209, 2, 9, -8], [226, 209, 3, 9, -8], [226, 214, 3, 9, -8]]",1,225,210,40,0.0390934944152832,16
"[[226, 200, 4, 9, -8], [226, 200, 3, 3.5, -8], [226, 209, 2, 9, -8], [226, 209, 3, 9, -8]]",5,224,189,39,0.04066586494445801,15
"[[225, 190, 3, 9, -8], [226, 200, 4, 9, -8], [226, 200, 3, 3.5, -8], [226, 209, 2, 9, -8]]",5,224,180,40,0.04256868362426758,15
"[[225, 210, 3, 9, -8], [225, 190, 3, 9, -8], [226, 200, 4, 9, -8], [226, 200, 3, 3.5, -8]]",5,224,189,39,0.03986239433288574,15
"[[225, 210, 3, 9, -8], [225, 210, 3, 9, -8], [225, 190, 3, 9, -8], [226, 200, 4, 9, -8]]",5,224,189,21,0.0404050350189209,15
"[[224, 180, 4, 9, -8], [225, 210, 3, 9, -8], [225, 210, 3, 9, -8], [225, 190, 3, 9, -8]]",5,223,188,40,0.03989243507385254,14
"[[224, 189, 3, 9, -8], [224, 180, 4, 9, -8], [225, 210, 3, 9, -8], [225, 210, 3, 9, -8]]",5,223,179,39,0.04171442985534668,14
"[[223, 188, 4, 9, -8], [224, 189, 3, 9, -8], [224, 180, 4, 9, -8], [225, 210, 3, 9, -8]]",5,222,187,39,0.03851437568664551,13
"[[223, 179, 3, 9, -8], [223, 188, 4, 9, -8], [224, 189, 3, 9, -8], [224, 180, 4, 9, -8]]",5,222,178,21,0.04291558265686035,13
"[[223, 179, 3, 9, -8], [223, 179, 3, 9, -8], [223, 188, 4, 9, -8], [224, 189, 3, 9, -8]]",5,222,187,21,0.04291558265686035,13
"[[222, 187, 6, 9, -8], [223, 179, 3, 9, -8], [223, 179, 3, 9, -8], [223, 188, 4, 9, -8]]",5,221,186,39,0.06308197975158691,12
"[[222, 187, 6, 9, -8], [222, 187, 6, 9, -8], [223, 179, 3, 9, -8], [223, 179, 3, 9, -8]]",5,221,159,39,0.06308197975158691,12
"[[221, 186, 6, 9, -8], [222, 187, 6, 9, -8], [222, 187, 6, 9, -8], [223, 179, 3, 9, -8]]",5,221,159,39,0.038782358169555664,12
"[[221, 186, 7, 6, -8], [221, 186, 6, 9, -8], [222, 187, 6, 9, -8], [222, 187, 6, 9, -8]]",4,220,176,39,0.038782358169555664,11
"[[221, 159, 7, 9, -8], [221, 186, 7, 6, -8], [221, 186, 6, 9, -8], [222, 187, 6, 9, -8]]",5,220,149,40,0.04925107955932617,11
"[[221, 159, 5, 9, -8], [221, 159, 7, 9, -8], [221, 186, 7, 6, -8], [221, 186, 6, 9, -8]]",5,219,148,39,0.04088997840881348,10
"[[220, 176, 6, 9, -8], [221, 159, 5, 9, -8], [221, 159, 7, 9, -8], [221, 186, 7, 6, -8]]",5,219,166,40,0.04695868492126465,10
"[[219, 148, 5, 9, -8], [220, 176, 6, 9, -8], [221, 159, 5, 9, -8], [221, 159, 7, 9, -8]]",5,218,156,39,0.03989982604980469,9
"[[219, 148, 5, 9, -8], [219, 148, 5, 9, -8], [220, 176, 6, 9, -8], [221, 159, 5, 9, -8]]",5,218,165,21,0.03490018844604492,9
"[[219, 166, 4, 9, -8], [219, 148, 5, 9, -8], [219, 148, 5, 9, -8], [220, 176, 6, 9, -8]]",5,218,165,40,0.04118466377258301,9
"[[219, 166, 5, 9, -8], [219, 166, 4, 9, -8], [219, 148, 5, 9, -8], [219, 148, 5, 9, -8]]",5,217,173,39,0.04057455062866211,8
"[[218, 165, 4, 9, -8], [219, 166, 5, 9, -8], [219, 166, 4, 9, -8], [219, 148, 5, 9, -8]]",5,217,164,40,0.04495596885681152,8
"[[218, 165, 3, 6, -8], [218, 165, 4, 9, -8], [219, 166, 5, 9, -8], [219, 166, 4, 9, -8]]",4,216,184,39,0.038883209228515625,7
"[[218, 165, 3, 9, -8], [218, 165, 3, 6, -8], [218, 165, 4, 9, -8], [219, 166, 5, 9, -8]]",5,216,181,21,0.03790140151977539,7
"[[217, 164, 4, 9, -8], [218, 165, 3, 9, -8], [218, 165, 3, 6, -8], [218, 165, 4, 9, -8]]",5,215,180,40,0.03789782524108887,6
"[[216, 184, 5, 9, -8], [217, 164, 4, 9, -8], [218, 165, 3, 9, -8], [218, 165, 3, 6, -8]]",5,215,171,39,0.0369107723236084,6
"[[215, 180, 6, 9, -8], [216, 184, 5, 9, -8], [217, 164, 4, 9, -8], [218, 165, 3, 9, -8]]",5,214,161,40,0.04786086082458496,5
"[[215, 180, 8, 9, -9], [215, 180, 6, 9, -8], [216, 184, 5, 9, -8], [217, 164, 4, 9, -8]]",5,214,151,39,0.04284167289733887,5
"[[215, 171, 10, 9, -9], [215, 180, 8, 9, -9], [215, 180, 6, 9, -8], [216, 184, 5, 9, -8]]",5,213,132,21,0.0397794246673584,4
"[[214, 151, 10, 9, -9], [215, 171, 10, 9, -9], [215, 180, 8, 9, -9], [215, 180, 6, 9, -8]]",5,213,114,39,0.03593111038208008,4
"[[214, 151, 12, 9, -9], [214, 151, 10, 9, -9], [215, 171, 10, 9, -9], [215, 180, 8, 9, -9]]",5,212,113,21,0.03189420700073242,3
"[[213, 132, 13, 9, -9], [214, 151, 12, 9, -9], [214, 151, 10, 9, -9], [215, 171, 10, 9, -9]]",5,211,94,40,0.039301395416259766,2
"[[213, 114, 12, 9, -9], [213, 132, 13, 9, -9], [214, 151, 12, 9, -9], [214, 151, 10, 9, -9]]",5,211,85,39,0.04291725158691406,2
"[[211, 94, 12, 9, -9], [213, 114, 12, 9, -9], [213, 132, 13, 9, -9], [214, 151, 12, 9, -9]]",5,210,93,40,0.0388641357421875,1
"[[211, 94, 10, 9, -9], [211, 94, 12, 9, -9], [213, 114, 12, 9, -9], [213, 132, 13, 9, -9]]",5,210,93,39,0.040886878967285156,1
"[[1, 85, 9, 9, -9], [211, 94, 10, 9, -9], [211, 94, 12, 9, -9], [213, 114, 12, 9, -9]]",5,209,110,21,0.038912296295166016,0
"[[211, 85, 7, 4.5, -9], [1, 85, 9, 9, -9], [211, 94, 10, 9, -9], [211, 94, 12, 9, -9]]",3,209,159,40,0.04087662696838379,0
"[[209, 110, 0, 9, -9], [211, 85, 7, 4.5, -9], [1, 85, 9, 9, -9], [211, 94, 10, 9, -9]]",5,209,137,40,0.03889584541320801,0
"[[209, 110, 1, 9, -9], [209, 110, 0, 9, -9], [211, 85, 7, 4.5, -9], [1, 85, 9, 9, -9]]",5,208,199,40,0.03889584541320801,-1
"[[209, 159, -3, 2, -9], [209, 110, 1, 9, -9], [209, 110, 0, 9, -9], [211, 85, 7, 4.5, -9]]",0,208,197,39,0.055389404296875,-1
"[[208, 199, -5, 9, -9], [209, 159, -3, 2, -9], [209, 110, 1, 9, -9], [209, 110, 0, 9, -9]]",5,191,208,40,0.04465937614440918,-1
"[[208, 199, -5, 9, -9], [208, 199, -5, 9, -9], [209, 159, -3, 2, -9], [209, 110, 1, 9, -9]]",5,172,207,39,0.043874502182006836,-2
"[[208, 197, -9, 9, -9], [208, 199, -5, 9, -9], [208, 199, -5, 9, -9], [209, 159, -3, 2, -9]]",5,172,207,40,0.051894187927246094,-2
"[[172, 207, -9, 9, -9], [208, 197, -9, 9, -9], [208, 199, -5, 9, -9], [208, 199, -5, 9, -9]]",5,135,206,39,0.037908077239990234,-3
"[[172, 207, -9, 9, -9], [172, 207, -9, 9, -9], [208, 197, -9, 9, -9], [208, 199, -5, 9, -9]]",5,135,206,21,0.03489875793457031,-3
"[[172, 207, -9, 6, -9], [172, 207, -9, 9, -9], [172, 207, -9, 9, -9], [208, 197, -9, 9, -9]]",4,161,205,40,0.03789806365966797,-4
"[[135, 206, -7, 9, -9], [172, 207, -9, 6, -9], [172, 207, -9, 9, -9], [172, 207, -9, 9, -9]]",5,133,204,39,0.035610198974609375,-5
"[[135, 206, -4, 3.5, -9], [135, 206, -7, 9, -9], [172, 207, -9, 6, -9], [172, 207, -9, 9, -9]]",1,189,204,40,0.05279946327209473,-5
"[[161, 205, -5, 9, -9], [135, 206, -4, 3.5, -9], [135, 206, -7, 9, -9], [172, 207, -9, 6, -9]]",5,178,204,39,0.03913998603820801,-5
"[[161, 205, -2, 9, -9], [161, 205, -5, 9, -9], [135, 206, -4, 3.5, -9], [135, 206, -7, 9, -9]]",5,168,203,21,0.033007144927978516,-6
"[[178, 204, 2, 9, -9], [161, 205, -2, 9, -9], [161, 205, -5, 9, -9], [135, 206, -4, 3.5, -9]]",5,194,202,39,0.029918909072875977,-7
"[[178, 204, 1, 9, -9], [178, 204, 2, 9, -9], [161, 205, -2, 9, -9], [161, 205, -5, 9, -9]]",5,202,175,21,0.040619850158691406,-7
"[[168, 203, 3, 9, -9], [178, 204, 1, 9, -9], [178, 204, 2, 9, -9], [161, 205, -2, 9, -9]]",5,201,183,40,0.040032148361206055,-8
"[[168, 203, 4, 9, -9], [168, 203, 3, 9, -9], [178, 204, 1, 9, -9], [178, 204, 2, 9, -9]]",5,201,165,39,0.04089045524597168,-8
"[[201, 183, 5, 9, -9], [168, 203, 4, 9, -9], [168, 203, 3, 9, -9], [178, 204, 1, 9, -9]]",5,200,155,39,0.03817605972290039,-9
"[[201, 183, 5, 9, -9], [201, 183, 5, 9, -9], [168, 203, 4, 9, -9], [168, 203, 3, 9, -9]]",5,199,145,21,0.042939186096191406,-10
"[[201, 165, 7, 9, -9], [201, 183, 5, 9, -9], [201, 183, 5, 9, -9], [168, 203, 4, 9, -9]]",5,199,145,40,0.038832902908325195,-10
"[[199, 145, 6, 6, -9], [201, 165, 7, 9, -9], [201, 183, 5, 9, -9], [201, 183, 5, 9, -9]]",4,198,147,40,0.04127001762390137,-11
"[[199, 145, 7, 9, -9], [199, 145, 6, 6, -9], [201, 165, 7, 9, -9], [201, 183, 5, 9, -9]]",5,198,135,39,0.03890037536621094,-11
"[[199, 145, 7, 9, -9], [199, 145, 7, 9, -9], [199, 145, 6, 6, -9], [201, 165, 7, 9, -9]]",5,197,125,21,0.03931474685668945,-12
"[[199, 145, 6, 6, -9], [199, 145, 7, 9, -9], [199, 145, 7, 9, -9], [199, 145, 6, 6, -9]]",4,197,146,40,0.04150056838989258,-12
"[[199, 145, 6, 9, -9], [199, 145, 6, 6, -9], [199, 145, 7, 9, -9], [199, 145, 7, 9, -9]]",5,197,134,40,0.04150056838989258,-12
"[[197, 125, 7, 9, -9], [199, 145, 6, 9, -9], [199, 145, 6, 6, -9], [199, 145, 7, 9, -9]]",5,196,133,40,0.09114909172058105,-13
"[[197, 134, 4, 9, -9], [197, 125, 7, 9, -9], [199, 145, 6, 9, -9], [199, 145, 6, 6, -9]]",5,196,124,39,0.04189753532409668,-13
"[[196, 133, 4, 9, -9], [197, 134, 4, 9, -9], [197, 125, 7, 9, -9], [199, 145, 6, 9, -9]]",5,195,150,40,0.04253101348876953,-14
"[[196, 133, 2, 9, -9], [196, 133, 4, 9, -9], [197, 134, 4, 9, -9], [197, 125, 7, 9, -9]]",5,195,150,39,0.03985738754272461,-14
"[[195, 150, 1, 9, -9], [196, 133, 2, 9, -9], [196, 133, 4, 9, -9], [197, 134, 4, 9, -9]]",5,195,168,21,0.037904977798461914,-14
"[[195, 150, -2, 9, -9], [195, 150, 1, 9, -9], [196, 133, 2, 9, -9], [196, 133, 4, 9, -9]]",5,194,176,39,0.03679013252258301,-15
"[[195, 150, -2, 9, -9], [195, 150, -2, 9, -9], [195, 150, 1, 9, -9], [196, 133, 2, 9, -9]]",5,186,194,39,0.03679013252258301,-15
"[[195, 168, -4, 9, -9], [195, 150, -2, 9, -9], [195, 150, -2, 9, -9], [195, 150, 1, 9, -9]]",5,186,194,40,0.05106163024902344,-15
"[[186, 194, -4, 9, -9], [195, 168, -4, 9, -9], [195, 150, -2, 9, -9], [195, 150, -2, 9, -9]]",5,167,193,39,0.04190182685852051,-16
"[[186, 194, -5, 9, -9], [186, 194, -4, 9, -9], [195, 168, -4, 9, -9], [195, 150, -2, 9, -9]]",5,167,193,39,0.040311574935913086,-16
"[[167, 193, -6, 9, -9], [186, 194, -5, 9, -9], [186, 194, -4, 9, -9], [195, 168, -4, 9, -9]]",5,158,193,21,0.03495502471923828,-16
"[[167, 193, -4, 9, -9], [167, 193, -6, 9, -9], [186, 194, -5, 9, -9], [186, 194, -4, 9, -9]]",5,148,192,39,0.025932788848876953,-17
"[[167, 193, -4, 9, -9], [167, 193, -4, 9, -9], [167, 193, -6, 9, -9], [186, 194, -5, 9, -9]]",5,166,192,21,0.039891719818115234,-17
"[[158, 193, -5, 9, -9], [167, 193, -4, 9, -9], [167, 193, -4, 9, -9], [167, 193, -6, 9, -9]]",5,166,192,39,0.040889739990234375,-17
"[[158, 193, -3, 9, -9], [158, 193, -5, 9, -9], [167, 193, -4, 9, -9], [167, 193, -4, 9, -9]]",5,157,192,39,0.0402073860168457,-17
"[[166, 192, -2, 9, -9], [158, 193, -3, 9, -9], [158, 193, -5, 9, -9], [167, 193, -4, 9, -9]]",5,174,191,40,0.04185891151428223,-18
"[[166, 192, -4, 9, -9], [166, 192, -2, 9, -9], [158, 193, -3, 9, -9], [158, 193, -5, 9, -9]]",5,183,191,39,0.03775358200073242,-18
"[[166, 192, -3, 9, -9], [166, 192, -4, 9, -9], [166, 192, -2, 9, -9], [158, 193, -3, 9, -9]]",5,165,191,21,0.040029287338256836,-18
"[[183, 191, -2, 9, -9], [166, 192, -3, 9, -9], [166, 192, -4, 9, -9], [166, 192, -2, 9, -9]]",5,174,191,39,0.039867401123046875,-18
"[[165, 191, -2, 9, -9], [183, 191, -2, 9, -9], [166, 192, -3, 9, -9], [166, 192, -4, 9, -9]]",5,182,190,40,0.04090571403503418,-19
"[[165, 191, -2, 9, -9], [165, 191, -2, 9, -9], [183, 191, -2, 9, -9], [166, 192, -3, 9, -9]]",5,182,190,39,0.03847694396972656,-19
"[[174, 191, -2, 9, -9], [165, 191, -2, 9, -9], [165, 191, -2, 9, -9], [183, 191, -2, 9, -9]]",5,182,190,21,0.042885541915893555,-19
"[[182, 190, -3, 9, -9], [174, 191, -2, 9, -9], [165, 191, -2, 9, -9], [165, 191, -2, 9, -9]]",5,182,190,40,0.05385589599609375,-19
"[[182, 190, -4, 2, -9], [182, 190, -3, 9, -9], [174, 191, -2, 9, -9], [165, 191, -2, 9, -9]]",0,190,187,40,0.039643049240112305,-19
"[[182, 190, -5, 9, -9], [182, 190, -4, 2, -9], [182, 190, -3, 9, -9], [174, 191, -2, 9, -9]]",5,164,190,40,0.0409090518951416,-19
"[[190, 187, -5, 9, -9], [182, 190, -5, 9, -9], [182, 190, -4, 2, -9], [182, 190, -3, 9, -9]]",5,155,190,40,0.04189658164978027,-19
"[[164, 190, -7, 9, -9], [190, 187, -5, 9, -9], [182, 190, -5, 9, -9], [182, 190, -4, 2, -9]]",5,155,190,40,0.0398097038269043,-19
"[[164, 190, -8, 2, -9], [164, 190, -7, 9, -9], [190, 187, -5, 9, -9], [182, 190, -5, 9, -9]]",0,186,190,40,0.03789806365966797,-19
"[[155, 190, -10, 9, -9], [164, 190, -8, 2, -9], [164, 190, -7, 9, -9], [190, 187, -5, 9, -9]]",5,128,190,40,0.03893113136291504,-19
"[[186, 190, -10, 9, -9], [155, 190, -10, 9, -9], [164, 190, -8, 2, -9], [164, 190, -7, 9, -9]]",5,110,190,40,0.041756391525268555,-19
"[[128, 190, -15, 4, -9], [186, 190, -10, 9, -9], [155, 190, -10, 9, -9], [164, 190, -8, 2, -9]]",2,160,190,40,0.04182076454162598,-19
"[[110, 190, -14, 9, -8], [128, 190, -15, 4, -9], [186, 190, -10, 9, -9], [155, 190, -10, 9, -9]]",5,64,190,40,0.03989362716674805,-19
"[[110, 190, -16, 9, -8], [110, 190, -14, 9, -8], [128, 190, -15, 4, -9], [186, 190, -10, 9, -9]]",5,73,190,40,0.03964948654174805,-19
"[[160, 190, -17, 9, -8], [110, 190, -16, 9, -8], [110, 190, -14, 9, -8], [128, 190, -15, 4, -9]]",5,55,190,40,0.04088926315307617,-19
"[[73, 190, -17, 9, -8], [160, 190, -17, 9, -8], [110, 190, -16, 9, -8], [110, 190, -14, 9, -8]]",5,46,190,40,0.03989672660827637,-19
"[[55, 190, -17, 2, -8], [73, 190, -17, 9, -8], [160, 190, -17, 9, -8], [110, 190, -16, 9, -8]]",0,165,190,40,0.04289364814758301,-19
"[[46, 190, -17, 9, -8], [55, 190, -17, 2, -8], [73, 190, -17, 9, -8], [160, 190, -17, 9, -8]]",5,46,190,40,0.04005885124206543,-19
"[[46, 190, -17, 9, -8], [46, 190, -17, 9, -8], [55, 190, -17, 2, -8], [73, 190, -17, 9, -8]]",5,46,190,40,0.03889656066894531,-19
"[[46, 190, -13, 9, -7], [46, 190, -17, 9, -8], [46, 190, -17, 9, -8], [55, 190, -17, 2, -8]]",5,45,190,40,0.039888620376586914,-19
"[[46, 190, -11, 9, -7], [46, 190, -13, 9, -7], [46, 190, -17, 9, -8], [46, 190, -17, 9, -8]]",5,81,190,40,0.04348468780517578,-19
"[[45, 190, -10, 9, -7], [46, 190, -11, 9, -7], [46, 190, -13, 9, -7], [46, 190, -17, 9, -8]]",5,99,190,40,0.0405733585357666,-19
"[[45, 190, -9, 9, -7], [45, 190, -10, 9, -7], [46, 190, -11, 9, -7], [46, 190, -13, 9, -7]]",5,109,191,40,0.04191160202026367,-18
"[[81, 190, -7, 9, -7], [45, 190, -9, 9, -7], [45, 190, -10, 9, -7], [46, 190, -11, 9, -7]]",5,118,191,40,0.03800773620605469,-18
"[[109, 191, -3, 9, -7], [81, 190, -7, 9, -7], [45, 190, -9, 9, -7], [45, 190, -10, 9, -7]]",5,136,191,40,0.04013824462890625,-18
"[[109, 191, -1, 9, -7], [109, 191, -3, 9, -7], [81, 190, -7, 9, -7], [45, 190, -9, 9, -7]]",5,172,191,40,0.04188871383666992,-18
"[[136, 191, 1, 9, -7], [109, 191, -1, 9, -7], [109, 191, -3, 9, -7], [81, 190, -7, 9, -7]]",5,191,192,40,0.04091978073120117,-17
"[[136, 191, 1, 9, -7], [136, 191, 1, 9, -7], [109, 191, -1, 9, -7], [109, 191, -3, 9, -7]]",5,192,176,40,0.0408635139465332,-17
"[[172, 191, 1, 9, -7], [136, 191, 1, 9, -7], [136, 191, 1, 9, -7], [109, 191, -1, 9, -7]]",5,192,176,40,0.04063987731933594,-17
"[[192, 176, 2, 9, -7], [172, 191, 1, 9, -7], [136, 191, 1, 9, -7], [136, 191, 1, 9, -7]]",5,192,176,40,0.039931297302246094,-17
"[[192, 176, 2, 4.5, -7], [192, 176, 2, 9, -7], [172, 191, 1, 9, -7], [136, 191, 1, 9, -7]]",3,193,177,40,0.03989362716674805,-16
"[[192, 176, -1, 9, -7], [192, 176, 2, 4.5, -7], [192, 176, 2, 9, -7], [172, 191, 1, 9, -7]]",5,193,168,40,0.04089045524597168,-16
"[[192, 176, -1, 9, -7], [192, 176, -1, 9, -7], [192, 176, 2, 4.5, -7], [192, 176, 2, 9, -7]]",5,192,193,40,0.03889727592468262,-16
"[[193, 168, -6, 9, -7], [192, 176, -1, 9, -7], [192, 176, -1, 9, -7], [192, 176, 2, 4.5, -7]]",5,193,194,40,0.03886246681213379,-15
"[[193, 168, -6, 9, -7], [193, 168, -6, 9, -7], [192, 176, -1, 9, -7], [192, 176, -1, 9, -7]]",5,148,194,40,0.04288601875305176,-15
"[[192, 193, -9, 9, -7], [193, 168, -6, 9, -7], [193, 168, -6, 9, -7], [192, 176, -1, 9, -7]]",5,149,195,40,0.0402073860168457,-14
"[[148, 194, -11, 9, -7], [192, 193, -9, 9, -7], [193, 168, -6, 9, -7], [193, 168, -6, 9, -7]]",5,122,195,40,0.03889894485473633,-14
"[[148, 194, -13, 9, -7], [148, 194, -11, 9, -7], [192, 193, -9, 9, -7], [193, 168, -6, 9, -7]]",5,105,196,40,0.042649269104003906,-13
"[[122, 195, -15, 9, -7], [148, 194, -13, 9, -7], [148, 194, -11, 9, -7], [192, 193, -9, 9, -7]]",5,87,196,40,0.039919376373291016,-13
"[[122, 195, -15, 9, -7], [122, 195, -15, 9, -7], [148, 194, -13, 9, -7], [148, 194, -11, 9, -7]]",5,69,196,40,0.039919376373291016,-13
"[[105, 196, -16, 9, -6], [122, 195, -15, 9, -7], [122, 195, -15, 9, -7], [148, 194, -13, 9, -7]]",5,69,197,40,0.06878495216369629,-12
"[[69, 196, -16, 9, -6], [105, 196, -16, 9, -6], [122, 195, -15, 9, -7], [122, 195, -15, 9, -7]]",5,60,197,40,0.04487895965576172,-12
"[[69, 196, -17, 9, -6], [69, 196, -16, 9, -6], [105, 196, -16, 9, -6], [122, 195, -15, 9, -7]]",5,61,198,40,0.040892601013183594,-11
"[[69, 197, -16, 9, -6], [69, 196, -17, 9, -6], [69, 196, -16, 9, -6], [105, 196, -16, 9, -6]]",5,52,198,40,0.03989219665527344,-11
"[[61, 198, -14, 9, -6], [69, 197, -16, 9, -6], [69, 196, -17, 9, -6], [69, 196, -16, 9, -6]]",5,61,198,40,0.03683805465698242,-11
"[[52, 198, -10, 9, -6], [61, 198, -14, 9, -6], [69, 197, -16, 9, -6], [69, 196, -17, 9, -6]]",5,80,199,40,0.03889966011047363,-10
"[[52, 198, -10, 9, -6], [52, 198, -10, 9, -6], [61, 198, -14, 9, -6], [69, 197, -16, 9, -6]]",5,117,200,40,0.0256192684173584,-9
"[[80, 199, -6, 9, -6], [52, 198, -10, 9, -6], [52, 198, -10, 9, -6], [61, 198, -14, 9, -6]]",5,117,200,40,0.03891277313232422,-9
"[[117, 200, -3, 9, -6], [80, 199, -6, 9, -6], [52, 198, -10, 9, -6], [52, 198, -10, 9, -6]]",5,153,200,40,0.041872262954711914,-9
"[[117, 200, 0, 9, -6], [117, 200, -3, 9, -6], [80, 199, -6, 9, -6], [52, 198, -10, 9, -6]]",5,181,201,40,0.04089164733886719,-8
"[[117, 200, 2, 9, -6], [117, 200, 0, 9, -6], [117, 200, -3, 9, -6], [80, 199, -6, 9, -6]]",5,201,195,40,0.03839564323425293,-8
"[[181, 201, 2, 9, -6], [117, 200, 2, 9, -6], [117, 200, 0, 9, -6], [117, 200, -3, 9, -6]]",5,202,178,40,0.03886127471923828,-7
"[[201, 195, 6, 9, -6], [181, 201, 2, 9, -6], [117, 200, 2, 9, -6], [117, 200, 0, 9, -6]]",5,203,179,40,0.03989267349243164,-6
"[[202, 178, 6, 9, -6], [201, 195, 6, 9, -6], [181, 201, 2, 9, -6], [117, 200, 2, 9, -6]]",5,203,143,40,0.03959059715270996,-6
"[[203, 179, 6, 9, -6], [202, 178, 6, 9, -6], [201, 195, 6, 9, -6], [181, 201, 2, 9, -6]]",5,204,144,40,0.04109692573547363,-5
"[[203, 143, 5, 9, -6], [203, 179, 6, 9, -6], [202, 178, 6, 9, -6], [201, 195, 6, 9, -6]]",5,205,145,40,0.041918039321899414,-4
"[[204, 144, 3, 9, -6], [203, 143, 5, 9, -6], [203, 179, 6, 9, -6], [202, 178, 6, 9, -6]]",5,206,155,40,0.04202699661254883,-3
"[[205, 145, 3, 9, -6], [204, 144, 3, 9, -6], [203, 143, 5, 9, -6], [203, 179, 6, 9, -6]]",5,206,173,40,0.03917813301086426,-3
"[[206, 155, 0, 9, -6], [205, 145, 3, 9, -6], [204, 144, 3, 9, -6], [203, 143, 5, 9, -6]]",5,207,174,40,0.04188799858093262,-2
"[[206, 173, -2, 9, -6], [206, 155, 0, 9, -6], [205, 145, 3, 9, -6], [204, 144, 3, 9, -6]]",5,208,202,40,0.03989458084106445,-1
"[[206, 173, -4, 9, -6], [206, 173, -2, 9, -6], [206, 155, 0, 9, -6], [205, 145, 3, 9, -6]]",5,197,208,40,0.03957772254943848,-1
"[[197, 208, -6, 9, -6], [206, 173, -4, 9, -6], [206, 173, -2, 9, -6], [206, 155, 0, 9, -6]]",5,180,209,40,0.039899587631225586,0
