"[-1, -1, -95, 4, 0]","[-1, -1, -95, 4, 0]","[-1, -1, -95, 4, 0]","[-1, -1, -95, 4, 0]"
"[-1, -1, -95, 2, 0]","[-1, -1, -95, 4, 0]","[-1, -1, -95, 4, 0]","[-1, -1, -95, 4, 0]"
"[-1, -1, -95, 2, 1]","[-1, -1, -95, 2, 0]","[-1, -1, -95, 4, 0]","[-1, -1, -95, 4, 0]"
"[-1, -1, -95, 2, 2]","[-1, -1, -95, 2, 1]","[-1, -1, -95, 2, 0]","[-1, -1, -95, 4, 0]"
"[-1, -1, -96, 2, 3]","[-1, -1, -95, 2, 2]","[-1, -1, -95, 2, 1]","[-1, -1, -95, 2, 0]"
"[-1, -1, -96, 2, 3]","[-1, -1, -96, 2, 3]","[-1, -1, -95, 2, 2]","[-1, -1, -95, 2, 1]"
"[20, 209, -97, 2, 4]","[-1, -1, -96, 2, 3]","[-1, -1, -96, 2, 3]","[-1, -1, -95, 2, 2]"
"[20, 209, -97, 2, 5]","[20, 209, -97, 2, 4]","[-1, -1, -96, 2, 3]","[-1, -1, -96, 2, 3]"
"[21, 210, -81, 2, 6]","[20, 209, -97, 2, 5]","[20, 209, -97, 2, 4]","[-1, -1, -96, 2, 3]"
"[21, 210, -81, 2, 6]","[21, 210, -81, 2, 6]","[20, 209, -97, 2, 5]","[20, 209, -97, 2, 4]"
"[22, 211, -78, 2, 7]","[21, 210, -81, 2, 6]","[21, 210, -81, 2, 6]","[20, 209, -97, 2, 5]"
"[22, 211, -78, 2, 7]","[22, 211, -78, 2, 7]","[21, 210, -81, 2, 6]","[21, 210, -81, 2, 6]"
"[44, 212, -60, 2, 8]","[22, 211, -78, 2, 7]","[22, 211, -78, 2, 7]","[21, 210, -81, 2, 6]"
"[44, 212, -60, 2, 9]","[44, 212, -60, 2, 8]","[22, 211, -78, 2, 7]","[22, 211, -78, 2, 7]"
"[50, 213, -42, 2, 9]","[44, 212, -60, 2, 9]","[44, 212, -60, 2, 8]","[22, 211, -78, 2, 7]"
"[50, 213, -42, 3.5, 9]","[50, 213, -42, 2, 9]","[44, 212, -60, 2, 9]","[44, 212, -60, 2, 8]"
"[50, 214, -28, 3.5, 10]","[50, 213, -42, 3.5, 9]","[50, 213, -42, 2, 9]","[44, 212, -60, 2, 9]"
"[50, 214, -28, 2, 10]","[50, 214, -28, 3.5, 10]","[50, 213, -42, 3.5, 9]","[50, 213, -42, 2, 9]"
"[86, 215, -17, 3.5, 10]","[50, 214, -28, 2, 10]","[50, 214, -28, 3.5, 10]","[50, 213, -42, 3.5, 9]"
"[86, 215, -17, 3.5, 10]","[86, 215, -17, 3.5, 10]","[50, 214, -28, 2, 10]","[50, 214, -28, 3.5, 10]"
"[150, 216, -7, 3.5, 10]","[86, 215, -17, 3.5, 10]","[86, 215, -17, 3.5, 10]","[50, 214, -28, 2, 10]"
"[150, 216, -8, 3.5, 10]","[150, 216, -7, 3.5, 10]","[86, 215, -17, 3.5, 10]","[86, 215, -17, 3.5, 10]"
"[109, 217, 4, 3.5, 10]","[150, 216, -8, 3.5, 10]","[150, 216, -7, 3.5, 10]","[86, 215, -17, 3.5, 10]"
"[109, 217, 3, 3.5, 10]","[109, 217, 4, 3.5, 10]","[150, 216, -8, 3.5, 10]","[150, 216, -7, 3.5, 10]"
"[147, 217, 16, 3.5, 10]","[109, 217, 3, 3.5, 10]","[109, 217, 4, 3.5, 10]","[150, 216, -8, 3.5, 10]"
"[147, 217, 15, 3.5, 10]","[147, 217, 16, 3.5, 10]","[109, 217, 3, 3.5, 10]","[109, 217, 4, 3.5, 10]"
"[219, 216, 26, 4, 10]","[147, 217, 15, 3.5, 10]","[147, 217, 16, 3.5, 10]","[109, 217, 3, 3.5, 10]"
"[219, 216, 25, 3.5, 10]","[219, 216, 26, 4, 10]","[147, 217, 15, 3.5, 10]","[147, 217, 16, 3.5, 10]"
"[219, 219, 35, 3.5, 10]","[219, 216, 25, 3.5, 10]","[219, 216, 26, 4, 10]","[147, 217, 15, 3.5, 10]"
"[219, 219, 35, 3.5, 10]","[219, 219, 35, 3.5, 10]","[219, 216, 25, 3.5, 10]","[219, 216, 26, 4, 10]"
"[220, 171, 41, 3.5, 9]","[219, 219, 35, 3.5, 10]","[219, 219, 35, 3.5, 10]","[219, 216, 25, 3.5, 10]"
"[221, 109, 45, 4.5, 9]","[220, 171, 41, 3.5, 9]","[219, 219, 35, 3.5, 10]","[219, 219, 35, 3.5, 10]"
"[221, 109, 45, 3.5, 9]","[221, 109, 45, 4.5, 9]","[220, 171, 41, 3.5, 9]","[219, 219, 35, 3.5, 10]"
"[221, 109, 44, 3.5, 8]","[221, 109, 45, 3.5, 9]","[221, 109, 45, 4.5, 9]","[220, 171, 41, 3.5, 9]"
"[222, 110, 45, 3.5, 8]","[221, 109, 44, 3.5, 8]","[221, 109, 45, 3.5, 9]","[221, 109, 45, 4.5, 9]"
"[222, 110, 45, 3.5, 8]","[222, 110, 45, 3.5, 8]","[221, 109, 44, 3.5, 8]","[221, 109, 45, 3.5, 9]"
"[222, 74, 47, 3.5, 7]","[222, 110, 45, 3.5, 8]","[222, 110, 45, 3.5, 8]","[221, 109, 44, 3.5, 8]"
"[222, 74, 47, 3.5, 7]","[222, 74, 47, 3.5, 7]","[222, 110, 45, 3.5, 8]","[222, 110, 45, 3.5, 8]"
"[223, 74, 44, 3.5, 6]","[222, 74, 47, 3.5, 7]","[222, 74, 47, 3.5, 7]","[222, 110, 45, 3.5, 8]"
"[224, 75, 39, 3.5, 6]","[223, 74, 44, 3.5, 6]","[222, 74, 47, 3.5, 7]","[222, 74, 47, 3.5, 7]"
"[224, 75, 39, 3.5, 6]","[224, 75, 39, 3.5, 6]","[223, 74, 44, 3.5, 6]","[222, 74, 47, 3.5, 7]"
"[224, 67, 34, 3.5, 5]","[224, 75, 39, 3.5, 6]","[224, 75, 39, 3.5, 6]","[223, 74, 44, 3.5, 6]"
"[224, 67, 33, 3.5, 5]","[224, 67, 34, 3.5, 5]","[224, 75, 39, 3.5, 6]","[224, 75, 39, 3.5, 6]"
"[224, 67, 33, 3.5, 5]","[224, 67, 33, 3.5, 5]","[224, 67, 34, 3.5, 5]","[224, 75, 39, 3.5, 6]"
"[225, 95, 27, 3.5, 5]","[224, 67, 33, 3.5, 5]","[224, 67, 33, 3.5, 5]","[224, 67, 34, 3.5, 5]"
"[225, 95, 27, 3.5, 4]","[225, 95, 27, 3.5, 5]","[224, 67, 33, 3.5, 5]","[224, 67, 33, 3.5, 5]"
"[226, 113, 22, 3.5, 4]","[225, 95, 27, 3.5, 4]","[225, 95, 27, 3.5, 5]","[224, 67, 33, 3.5, 5]"
"[226, 116, 17, 3.5, 4]","[226, 113, 22, 3.5, 4]","[225, 95, 27, 3.5, 4]","[225, 95, 27, 3.5, 5]"
"[226, 116, 17, 3.5, 4]","[226, 116, 17, 3.5, 4]","[226, 113, 22, 3.5, 4]","[225, 95, 27, 3.5, 4]"
"[226, 137, 15, 3.5, 4]","[226, 116, 17, 3.5, 4]","[226, 116, 17, 3.5, 4]","[226, 113, 22, 3.5, 4]"
"[226, 137, 15, 3.5, 4]","[226, 137, 15, 3.5, 4]","[226, 116, 17, 3.5, 4]","[226, 116, 17, 3.5, 4]"
"[227, 172, 10, 3.5, 4]","[226, 137, 15, 3.5, 4]","[226, 137, 15, 3.5, 4]","[226, 116, 17, 3.5, 4]"
"[227, 172, 10, 3.5, 3]","[227, 172, 10, 3.5, 4]","[226, 137, 15, 3.5, 4]","[226, 137, 15, 3.5, 4]"
"[227, 172, 10, 3.5, 3]","[227, 172, 10, 3.5, 3]","[227, 172, 10, 3.5, 4]","[226, 137, 15, 3.5, 4]"
"[227, 179, 9, 3.5, 3]","[227, 172, 10, 3.5, 3]","[227, 172, 10, 3.5, 3]","[227, 172, 10, 3.5, 4]"
"[228, 180, 10, 3.5, 3]","[227, 179, 9, 3.5, 3]","[227, 172, 10, 3.5, 3]","[227, 172, 10, 3.5, 3]"
"[228, 180, 10, 4, 3]","[228, 180, 10, 3.5, 3]","[227, 179, 9, 3.5, 3]","[227, 172, 10, 3.5, 3]"
"[228, 197, 13, 3.5, 3]","[228, 180, 10, 4, 3]","[228, 180, 10, 3.5, 3]","[227, 179, 9, 3.5, 3]"
"[228, 197, 13, 3.5, 3]","[228, 197, 13, 3.5, 3]","[228, 180, 10, 4, 3]","[228, 180, 10, 3.5, 3]"
"[228, 197, 15, 3.5, 3]","[228, 197, 13, 3.5, 3]","[228, 197, 13, 3.5, 3]","[228, 180, 10, 4, 3]"
"[228, 197, 15, 3.5, 3]","[228, 197, 15, 3.5, 3]","[228, 197, 13, 3.5, 3]","[228, 197, 13, 3.5, 3]"
"[228, 186, 20, 3.5, 3]","[228, 197, 15, 3.5, 3]","[228, 197, 15, 3.5, 3]","[228, 197, 13, 3.5, 3]"
"[228, 186, 20, 3.5, 2]","[228, 186, 20, 3.5, 3]","[228, 197, 15, 3.5, 3]","[228, 197, 15, 3.5, 3]"
"[228, 186, 25, 3.5, 2]","[228, 186, 20, 3.5, 2]","[228, 186, 20, 3.5, 3]","[228, 197, 15, 3.5, 3]"
"[228, 179, 28, 3.5, 2]","[228, 186, 25, 3.5, 2]","[228, 186, 20, 3.5, 2]","[228, 186, 20, 3.5, 3]"
"[228, 179, 28, 3.5, 2]","[228, 179, 28, 3.5, 2]","[228, 186, 25, 3.5, 2]","[228, 186, 20, 3.5, 2]"
"[228, 179, 28, 3.5, 2]","[228, 179, 28, 3.5, 2]","[228, 179, 28, 3.5, 2]","[228, 186, 25, 3.5, 2]"
"[228, 144, 29, 3.5, 1]","[228, 179, 28, 3.5, 2]","[228, 179, 28, 3.5, 2]","[228, 179, 28, 3.5, 2]"
"[228, 144, 29, 3.5, 1]","[228, 144, 29, 3.5, 1]","[228, 179, 28, 3.5, 2]","[228, 179, 28, 3.5, 2]"
"[228, 133, 31, 3.5, 1]","[228, 144, 29, 3.5, 1]","[228, 144, 29, 3.5, 1]","[228, 179, 28, 3.5, 2]"
"[228, 132, 28, 3.5, 1]","[228, 133, 31, 3.5, 1]","[228, 144, 29, 3.5, 1]","[228, 144, 29, 3.5, 1]"
"[228, 132, 28, 3.5, 0]","[228, 132, 28, 3.5, 1]","[228, 133, 31, 3.5, 1]","[228, 144, 29, 3.5, 1]"
"[228, 132, 28, 3.5, 0]","[228, 132, 28, 3.5, 0]","[228, 132, 28, 3.5, 1]","[228, 133, 31, 3.5, 1]"
"[228, 121, 24, 3.5, 0]","[228, 132, 28, 3.5, 0]","[228, 132, 28, 3.5, 0]","[228, 132, 28, 3.5, 1]"
"[228, 121, 24, 3.5, 0]","[228, 121, 24, 3.5, 0]","[228, 132, 28, 3.5, 0]","[228, 132, 28, 3.5, 0]"
"[228, 131, 20, 3.5, 0]","[228, 121, 24, 3.5, 0]","[228, 121, 24, 3.5, 0]","[228, 132, 28, 3.5, 0]"
"[228, 131, 20, 3.5, 0]","[228, 131, 20, 3.5, 0]","[228, 121, 24, 3.5, 0]","[228, 121, 24, 3.5, 0]"
"[228, 131, 20, 3.5, 0]","[228, 131, 20, 3.5, 0]","[228, 131, 20, 3.5, 0]","[228, 121, 24, 3.5, 0]"
"[228, 131, 20, 3.5, 0]","[228, 131, 20, 3.5, 0]","[228, 131, 20, 3.5, 0]","[228, 131, 20, 3.5, 0]"
"[228, 145, 19, 2, 0]","[228, 131, 20, 3.5, 0]","[228, 131, 20, 3.5, 0]","[228, 131, 20, 3.5, 0]"
"[228, 145, 19, 3.5, 0]","[228, 145, 19, 2, 0]","[228, 131, 20, 3.5, 0]","[228, 131, 20, 3.5, 0]"
"[227, 157, 17, 3.5, 0]","[228, 145, 19, 3.5, 0]","[228, 145, 19, 2, 0]","[228, 131, 20, 3.5, 0]"
"[227, 187, 19, 3.5, 0]","[227, 157, 17, 3.5, 0]","[228, 145, 19, 3.5, 0]","[228, 145, 19, 2, 0]"
"[227, 187, 19, 3.5, -1]","[227, 187, 19, 3.5, 0]","[227, 157, 17, 3.5, 0]","[228, 145, 19, 3.5, 0]"
"[227, 160, 18, 3.5, -1]","[227, 187, 19, 3.5, -1]","[227, 187, 19, 3.5, 0]","[227, 157, 17, 3.5, 0]"
"[227, 160, 18, 3.5, -1]","[227, 160, 18, 3.5, -1]","[227, 187, 19, 3.5, -1]","[227, 187, 19, 3.5, 0]"
"[227, 160, 19, 3.5, -1]","[227, 160, 18, 3.5, -1]","[227, 160, 18, 3.5, -1]","[227, 187, 19, 3.5, -1]"
"[226, 159, 19, 3.5, -1]","[227, 160, 19, 3.5, -1]","[227, 160, 18, 3.5, -1]","[227, 160, 18, 3.5, -1]"
"[226, 159, 19, 3.5, -1]","[226, 159, 19, 3.5, -1]","[227, 160, 19, 3.5, -1]","[227, 160, 18, 3.5, -1]"
"[225, 161, 22, 3.5, -1]","[226, 159, 19, 3.5, -1]","[226, 159, 19, 3.5, -1]","[227, 160, 19, 3.5, -1]"
"[225, 161, 22, 3.5, -2]","[225, 161, 22, 3.5, -1]","[226, 159, 19, 3.5, -1]","[226, 159, 19, 3.5, -1]"
"[225, 157, 22, 3.5, -2]","[225, 161, 22, 3.5, -2]","[225, 161, 22, 3.5, -1]","[226, 159, 19, 3.5, -1]"
"[225, 157, 23, 3.5, -2]","[225, 157, 22, 3.5, -2]","[225, 161, 22, 3.5, -2]","[225, 161, 22, 3.5, -1]"
"[224, 156, 26, 3.5, -2]","[225, 157, 23, 3.5, -2]","[225, 157, 22, 3.5, -2]","[225, 161, 22, 3.5, -2]"
"[223, 144, 27, 3.5, -2]","[224, 156, 26, 3.5, -2]","[225, 157, 23, 3.5, -2]","[225, 157, 22, 3.5, -2]"
"[223, 144, 28, 3.5, -3]","[223, 144, 27, 3.5, -2]","[224, 156, 26, 3.5, -2]","[225, 157, 23, 3.5, -2]"
"[223, 144, 28, 3.5, -3]","[223, 144, 28, 3.5, -3]","[223, 144, 27, 3.5, -2]","[224, 156, 26, 3.5, -2]"
"[223, 130, 27, 3.5, -3]","[223, 144, 28, 3.5, -3]","[223, 144, 28, 3.5, -3]","[223, 144, 27, 3.5, -2]"
"[222, 125, 27, 3.5, -3]","[223, 130, 27, 3.5, -3]","[223, 144, 28, 3.5, -3]","[223, 144, 28, 3.5, -3]"
"[222, 125, 27, 3.5, -3]","[222, 125, 27, 3.5, -3]","[223, 130, 27, 3.5, -3]","[223, 144, 28, 3.5, -3]"
"[222, 125, 28, 3.5, -4]","[222, 125, 27, 3.5, -3]","[222, 125, 27, 3.5, -3]","[223, 130, 27, 3.5, -3]"
"[222, 121, 23, 3.5, -4]","[222, 125, 28, 3.5, -4]","[222, 125, 27, 3.5, -3]","[222, 125, 27, 3.5, -3]"
"[222, 121, 23, 3.5, -4]","[222, 121, 23, 3.5, -4]","[222, 125, 28, 3.5, -4]","[222, 125, 27, 3.5, -3]"
"[220, 122, 23, 3.5, -4]","[222, 121, 23, 3.5, -4]","[222, 121, 23, 3.5, -4]","[222, 125, 28, 3.5, -4]"
"[220, 118, 19, 6, -4]","[220, 122, 23, 3.5, -4]","[222, 121, 23, 3.5, -4]","[222, 121, 23, 3.5, -4]"
"[220, 118, 20, 3.5, -5]","[220, 118, 19, 6, -4]","[220, 122, 23, 3.5, -4]","[222, 121, 23, 3.5, -4]"
"[219, 134, 23, 3.5, -5]","[220, 118, 20, 3.5, -5]","[220, 118, 19, 6, -4]","[220, 122, 23, 3.5, -4]"
"[219, 134, 24, 3.5, -5]","[219, 134, 23, 3.5, -5]","[220, 118, 20, 3.5, -5]","[220, 118, 19, 6, -4]"
"[218, 143, 23, 3.5, -5]","[219, 134, 24, 3.5, -5]","[219, 134, 23, 3.5, -5]","[220, 118, 20, 3.5, -5]"
"[218, 143, 24, 3.5, -5]","[218, 143, 23, 3.5, -5]","[219, 134, 24, 3.5, -5]","[219, 134, 23, 3.5, -5]"
"[218, 143, 24, 3.5, -5]","[218, 143, 24, 3.5, -5]","[218, 143, 23, 3.5, -5]","[219, 134, 24, 3.5, -5]"
"[217, 132, 24, 2, -6]","[218, 143, 24, 3.5, -5]","[218, 143, 24, 3.5, -5]","[218, 143, 23, 3.5, -5]"
"[217, 132, 24, 3.5, -6]","[217, 132, 24, 2, -6]","[218, 143, 24, 3.5, -5]","[218, 143, 24, 3.5, -5]"
"[216, 130, 22, 3.5, -6]","[217, 132, 24, 3.5, -6]","[217, 132, 24, 2, -6]","[218, 143, 24, 3.5, -5]"
"[216, 127, 26, 3.5, -6]","[216, 130, 22, 3.5, -6]","[217, 132, 24, 3.5, -6]","[217, 132, 24, 2, -6]"
"[216, 127, 26, 3.5, -6]","[216, 127, 26, 3.5, -6]","[216, 130, 22, 3.5, -6]","[217, 132, 24, 3.5, -6]"
"[216, 127, 27, 3.5, -6]","[216, 127, 26, 3.5, -6]","[216, 127, 26, 3.5, -6]","[216, 130, 22, 3.5, -6]"
"[215, 125, 28, 3.5, -6]","[216, 127, 27, 3.5, -6]","[216, 127, 26, 3.5, -6]","[216, 127, 26, 3.5, -6]"
"[215, 125, 29, 3.5, -7]","[215, 125, 28, 3.5, -6]","[216, 127, 27, 3.5, -6]","[216, 127, 26, 3.5, -6]"
"[214, 117, 27, 3.5, -7]","[215, 125, 29, 3.5, -7]","[215, 125, 28, 3.5, -6]","[216, 127, 27, 3.5, -6]"
"[214, 117, 28, 3.5, -7]","[214, 117, 27, 3.5, -7]","[215, 125, 29, 3.5, -7]","[215, 125, 28, 3.5, -6]"
"[212, 107, 29, 3.5, -7]","[214, 117, 28, 3.5, -7]","[214, 117, 27, 3.5, -7]","[215, 125, 29, 3.5, -7]"
"[212, 104, 29, 3.5, -8]","[212, 107, 29, 3.5, -7]","[214, 117, 28, 3.5, -7]","[214, 117, 27, 3.5, -7]"
"[212, 104, 29, 3.5, -8]","[212, 104, 29, 3.5, -8]","[212, 107, 29, 3.5, -7]","[214, 117, 28, 3.5, -7]"
"[211, 106, 29, 3.5, -8]","[212, 104, 29, 3.5, -8]","[212, 104, 29, 3.5, -8]","[212, 107, 29, 3.5, -7]"
"[211, 106, 29, 3.5, -8]","[211, 106, 29, 3.5, -8]","[212, 104, 29, 3.5, -8]","[212, 104, 29, 3.5, -8]"
"[210, 101, 30, 3.5, -8]","[211, 106, 29, 3.5, -8]","[211, 106, 29, 3.5, -8]","[212, 104, 29, 3.5, -8]"
"[209, 99, 29, 3.5, -9]","[210, 101, 30, 3.5, -8]","[211, 106, 29, 3.5, -8]","[211, 106, 29, 3.5, -8]"
"[209, 99, 30, 4, -9]","[209, 99, 29, 3.5, -9]","[210, 101, 30, 3.5, -8]","[211, 106, 29, 3.5, -8]"
"[209, 99, 31, 3.5, -9]","[209, 99, 30, 4, -9]","[209, 99, 29, 3.5, -9]","[210, 101, 30, 3.5, -8]"
"[209, 95, 30, 3.5, -9]","[209, 99, 31, 3.5, -9]","[209, 99, 30, 4, -9]","[209, 99, 29, 3.5, -9]"
"[209, 95, 31, 3.5, -9]","[209, 95, 30, 3.5, -9]","[209, 99, 31, 3.5, -9]","[209, 99, 30, 4, -9]"
"[208, 83, 29, 3.5, -10]","[209, 95, 31, 3.5, -9]","[209, 95, 30, 3.5, -9]","[209, 99, 31, 3.5, -9]"
"[207, 89, 31, 3.5, -10]","[208, 83, 29, 3.5, -10]","[209, 95, 31, 3.5, -9]","[209, 95, 30, 3.5, -9]"
"[207, 89, 31, 3.5, -10]","[207, 89, 31, 3.5, -10]","[208, 83, 29, 3.5, -10]","[209, 95, 31, 3.5, -9]"
"[205, 94, 28, 3.5, -10]","[207, 89, 31, 3.5, -10]","[207, 89, 31, 3.5, -10]","[208, 83, 29, 3.5, -10]"
"[205, 94, 28, 3.5, -11]","[205, 94, 28, 3.5, -10]","[207, 89, 31, 3.5, -10]","[207, 89, 31, 3.5, -10]"
"[205, 86, 28, 3.5, -11]","[205, 94, 28, 3.5, -11]","[205, 94, 28, 3.5, -10]","[207, 89, 31, 3.5, -10]"
"[205, 86, 29, 3.5, -11]","[205, 86, 28, 3.5, -11]","[205, 94, 28, 3.5, -11]","[205, 94, 28, 3.5, -10]"
"[205, 86, 29, 3.5, -11]","[205, 86, 29, 3.5, -11]","[205, 86, 28, 3.5, -11]","[205, 94, 28, 3.5, -11]"
"[204, 95, 29, 4.5, -11]","[205, 86, 29, 3.5, -11]","[205, 86, 29, 3.5, -11]","[205, 86, 28, 3.5, -11]"
"[204, 95, 27, 3.5, -12]","[204, 95, 29, 4.5, -11]","[205, 86, 29, 3.5, -11]","[205, 86, 29, 3.5, -11]"
"[204, 95, 28, 3.5, -12]","[204, 95, 27, 3.5, -12]","[204, 95, 29, 4.5, -11]","[205, 86, 29, 3.5, -11]"
"[204, 95, 28, 3.5, -12]","[204, 95, 28, 3.5, -12]","[204, 95, 27, 3.5, -12]","[204, 95, 29, 4.5, -11]"
"[202, 60, 28, 4, -12]","[204, 95, 28, 3.5, -12]","[204, 95, 28, 3.5, -12]","[204, 95, 27, 3.5, -12]"
"[202, 60, 28, 3.5, -12]","[202, 60, 28, 4, -12]","[204, 95, 28, 3.5, -12]","[204, 95, 28, 3.5, -12]"
"[201, 95, 24, 3.5, -12]","[202, 60, 28, 3.5, -12]","[202, 60, 28, 4, -12]","[204, 95, 28, 3.5, -12]"
"[201, 91, 22, 3.5, -13]","[201, 95, 24, 3.5, -12]","[202, 60, 28, 3.5, -12]","[202, 60, 28, 4, -12]"
"[201, 91, 23, 3.5, -13]","[201, 91, 22, 3.5, -13]","[201, 95, 24, 3.5, -12]","[202, 60, 28, 3.5, -12]"
"[199, 89, 18, 3.5, -13]","[201, 91, 23, 3.5, -13]","[201, 91, 22, 3.5, -13]","[201, 95, 24, 3.5, -12]"
"[199, 89, 18, 3.5, -13]","[199, 89, 18, 3.5, -13]","[201, 91, 23, 3.5, -13]","[201, 91, 22, 3.5, -13]"
"[198, 108, 18, 3.5, -13]","[199, 89, 18, 3.5, -13]","[199, 89, 18, 3.5, -13]","[201, 91, 23, 3.5, -13]"
"[198, 108, 18, 3.5, -13]","[198, 108, 18, 3.5, -13]","[199, 89, 18, 3.5, -13]","[199, 89, 18, 3.5, -13]"
"[198, 104, 14, 3.5, -13]","[198, 108, 18, 3.5, -13]","[198, 108, 18, 3.5, -13]","[199, 89, 18, 3.5, -13]"
"[198, 104, 14, 3.5, -14]","[198, 104, 14, 3.5, -13]","[198, 108, 18, 3.5, -13]","[198, 108, 18, 3.5, -13]"
"[198, 104, 14, 3.5, -14]","[198, 104, 14, 3.5, -14]","[198, 104, 14, 3.5, -13]","[198, 108, 18, 3.5, -13]"
"[197, 121, 13, 3.5, -14]","[198, 104, 14, 3.5, -14]","[198, 104, 14, 3.5, -14]","[198, 104, 14, 3.5, -13]"
"[196, 133, 13, 3.5, -14]","[197, 121, 13, 3.5, -14]","[198, 104, 14, 3.5, -14]","[198, 104, 14, 3.5, -14]"
"[196, 133, 13, 3.5, -14]","[196, 133, 13, 3.5, -14]","[197, 121, 13, 3.5, -14]","[198, 104, 14, 3.5, -14]"
"[196, 133, 14, 3.5, -14]","[196, 133, 13, 3.5, -14]","[196, 133, 13, 3.5, -14]","[197, 121, 13, 3.5, -14]"
"[196, 133, 14, 4, -14]","[196, 133, 14, 3.5, -14]","[196, 133, 13, 3.5, -14]","[196, 133, 13, 3.5, -14]"
"[195, 136, 13, 3.5, -14]","[196, 133, 14, 4, -14]","[196, 133, 14, 3.5, -14]","[196, 133, 13, 3.5, -14]"
"[195, 136, 14, 3.5, -14]","[195, 136, 13, 3.5, -14]","[196, 133, 14, 4, -14]","[196, 133, 14, 3.5, -14]"
"[194, 124, 16, 4.5, -14]","[195, 136, 14, 3.5, -14]","[195, 136, 13, 3.5, -14]","[196, 133, 14, 4, -14]"
"[194, 124, 16, 3.5, -14]","[194, 124, 16, 4.5, -14]","[195, 136, 14, 3.5, -14]","[195, 136, 13, 3.5, -14]"
"[193, 116, 17, 3.5, -14]","[194, 124, 16, 3.5, -14]","[194, 124, 16, 4.5, -14]","[195, 136, 14, 3.5, -14]"
"[193, 116, 17, 4.5, -15]","[193, 116, 17, 3.5, -14]","[194, 124, 16, 3.5, -14]","[194, 124, 16, 4.5, -14]"
"[193, 116, 17, 3.5, -15]","[193, 116, 17, 4.5, -15]","[193, 116, 17, 3.5, -14]","[194, 124, 16, 3.5, -14]"
"[193, 123, 18, 3.5, -15]","[193, 116, 17, 3.5, -15]","[193, 116, 17, 4.5, -15]","[193, 116, 17, 3.5, -14]"
"[193, 123, 18, 3.5, -15]","[193, 123, 18, 3.5, -15]","[193, 116, 17, 3.5, -15]","[193, 116, 17, 4.5, -15]"
"[192, 118, 20, 3.5, -15]","[193, 123, 18, 3.5, -15]","[193, 123, 18, 3.5, -15]","[193, 116, 17, 3.5, -15]"
"[192, 118, 20, 3.5, -15]","[192, 118, 20, 3.5, -15]","[193, 123, 18, 3.5, -15]","[193, 123, 18, 3.5, -15]"
"[192, 114, 20, 3.5, -15]","[192, 118, 20, 3.5, -15]","[192, 118, 20, 3.5, -15]","[193, 123, 18, 3.5, -15]"
"[191, 113, 20, 3.5, -16]","[192, 114, 20, 3.5, -15]","[192, 118, 20, 3.5, -15]","[192, 118, 20, 3.5, -15]"
"[191, 113, 20, 3.5, -16]","[191, 113, 20, 3.5, -16]","[192, 114, 20, 3.5, -15]","[192, 118, 20, 3.5, -15]"
"[191, 113, 21, 3.5, -16]","[191, 113, 20, 3.5, -16]","[191, 113, 20, 3.5, -16]","[192, 114, 20, 3.5, -15]"
"[191, 106, 20, 3.5, -16]","[191, 113, 21, 3.5, -16]","[191, 113, 20, 3.5, -16]","[191, 113, 20, 3.5, -16]"
"[190, 104, 19, 3.5, -16]","[191, 106, 20, 3.5, -16]","[191, 113, 21, 3.5, -16]","[191, 113, 20, 3.5, -16]"
"[190, 104, 19, 3.5, -16]","[190, 104, 19, 3.5, -16]","[191, 106, 20, 3.5, -16]","[191, 113, 21, 3.5, -16]"
"[190, 104, 19, 3.5, -16]","[190, 104, 19, 3.5, -16]","[190, 104, 19, 3.5, -16]","[191, 106, 20, 3.5, -16]"
"[190, 101, 19, 3.5, -16]","[190, 104, 19, 3.5, -16]","[190, 104, 19, 3.5, -16]","[190, 104, 19, 3.5, -16]"
"[190, 107, 18, 4, -17]","[190, 101, 19, 3.5, -16]","[190, 104, 19, 3.5, -16]","[190, 104, 19, 3.5, -16]"
"[190, 107, 18, 3.5, -17]","[190, 107, 18, 4, -17]","[190, 101, 19, 3.5, -16]","[190, 104, 19, 3.5, -16]"
"[190, 107, 18, 3.5, -17]","[190, 107, 18, 3.5, -17]","[190, 107, 18, 4, -17]","[190, 101, 19, 3.5, -16]"
"[190, 107, 19, 3.5, -17]","[190, 107, 18, 3.5, -17]","[190, 107, 18, 3.5, -17]","[190, 107, 18, 4, -17]"
"[190, 110, 18, 4.5, -17]","[190, 107, 19, 3.5, -17]","[190, 107, 18, 3.5, -17]","[190, 107, 18, 3.5, -17]"
"[190, 110, 18, 3.5, -17]","[190, 110, 18, 4.5, -17]","[190, 107, 19, 3.5, -17]","[190, 107, 18, 3.5, -17]"
"[190, 110, 18, 3.5, -17]","[190, 110, 18, 3.5, -17]","[190, 110, 18, 4.5, -17]","[190, 107, 19, 3.5, -17]"
"[190, 110, 17, 3.5, -17]","[190, 110, 18, 3.5, -17]","[190, 110, 18, 3.5, -17]","[190, 110, 18, 4.5, -17]"
"[190, 87, 16, 3.5, -18]","[190, 110, 17, 3.5, -17]","[190, 110, 18, 3.5, -17]","[190, 110, 18, 3.5, -17]"
"[190, 87, 16, 3.5, -18]","[190, 87, 16, 3.5, -18]","[190, 110, 17, 3.5, -17]","[190, 110, 18, 3.5, -17]"
"[190, 110, 16, 3.5, -18]","[190, 87, 16, 3.5, -18]","[190, 87, 16, 3.5, -18]","[190, 110, 17, 3.5, -17]"
"[190, 110, 16, 3.5, -18]","[190, 110, 16, 3.5, -18]","[190, 87, 16, 3.5, -18]","[190, 87, 16, 3.5, -18]"
"[190, 116, 14, 3.5, -18]","[190, 110, 16, 3.5, -18]","[190, 110, 16, 3.5, -18]","[190, 87, 16, 3.5, -18]"
"[190, 116, 14, 3.5, -18]","[190, 116, 14, 3.5, -18]","[190, 110, 16, 3.5, -18]","[190, 110, 16, 3.5, -18]"
"[190, 116, 16, 3.5, -18]","[190, 116, 14, 3.5, -18]","[190, 116, 14, 3.5, -18]","[190, 110, 16, 3.5, -18]"
"[190, 116, 16, 3.5, -18]","[190, 116, 16, 3.5, -18]","[190, 116, 14, 3.5, -18]","[190, 116, 14, 3.5, -18]"
"[190, 116, 15, 3.5, -18]","[190, 116, 16, 3.5, -18]","[190, 116, 16, 3.5, -18]","[190, 116, 14, 3.5, -18]"
"[190, 116, 15, 3.5, -19]","[190, 116, 15, 3.5, -18]","[190, 116, 16, 3.5, -18]","[190, 116, 16, 3.5, -18]"
"[190, 116, 17, 3.5, -19]","[190, 116, 15, 3.5, -19]","[190, 116, 15, 3.5, -18]","[190, 116, 16, 3.5, -18]"
"[190, 116, 16, 6, -19]","[190, 116, 17, 3.5, -19]","[190, 116, 15, 3.5, -19]","[190, 116, 15, 3.5, -18]"
"[190, 116, 16, 4, -19]","[190, 116, 16, 6, -19]","[190, 116, 17, 3.5, -19]","[190, 116, 15, 3.5, -19]"
"[190, 119, 17, 3.5, -19]","[190, 116, 16, 4, -19]","[190, 116, 16, 6, -19]","[190, 116, 17, 3.5, -19]"
"[190, 119, 17, 3.5, -19]","[190, 119, 17, 3.5, -19]","[190, 116, 16, 4, -19]","[190, 116, 16, 6, -19]"
"[190, 119, 17, 3.5, -19]","[190, 119, 17, 3.5, -19]","[190, 119, 17, 3.5, -19]","[190, 116, 16, 4, -19]"
"[191, 116, 15, 3.5, -19]","[190, 119, 17, 3.5, -19]","[190, 119, 17, 3.5, -19]","[190, 119, 17, 3.5, -19]"
"[191, 112, 16, 3.5, -20]","[191, 116, 15, 3.5, -19]","[190, 119, 17, 3.5, -19]","[190, 119, 17, 3.5, -19]"
"[191, 112, 16, 3.5, -20]","[191, 112, 16, 3.5, -20]","[191, 116, 15, 3.5, -19]","[190, 119, 17, 3.5, -19]"
"[191, 112, 16, 3.5, -20]","[191, 112, 16, 3.5, -20]","[191, 112, 16, 3.5, -20]","[191, 116, 15, 3.5, -19]"
"[192, 113, 12, 3.5, -20]","[191, 112, 16, 3.5, -20]","[191, 112, 16, 3.5, -20]","[191, 112, 16, 3.5, -20]"
"[192, 113, 12, 3.5, -20]","[192, 113, 12, 3.5, -20]","[191, 112, 16, 3.5, -20]","[191, 112, 16, 3.5, -20]"
"[192, 120, 13, 3.5, -20]","[192, 113, 12, 3.5, -20]","[192, 113, 12, 3.5, -20]","[191, 112, 16, 3.5, -20]"
"[193, 117, 11, 3.5, -20]","[192, 120, 13, 3.5, -20]","[192, 113, 12, 3.5, -20]","[192, 113, 12, 3.5, -20]"
"[193, 117, 11, 3.5, -20]","[193, 117, 11, 3.5, -20]","[192, 120, 13, 3.5, -20]","[192, 113, 12, 3.5, -20]"
"[193, 131, 13, 3.5, -20]","[193, 117, 11, 3.5, -20]","[193, 117, 11, 3.5, -20]","[192, 120, 13, 3.5, -20]"
"[193, 131, 12, 3.5, -20]","[193, 131, 13, 3.5, -20]","[193, 117, 11, 3.5, -20]","[193, 117, 11, 3.5, -20]"
"[194, 128, 13, 3.5, -20]","[193, 131, 12, 3.5, -20]","[193, 131, 13, 3.5, -20]","[193, 117, 11, 3.5, -20]"
"[194, 128, 13, 3.5, -21]","[194, 128, 13, 3.5, -20]","[193, 131, 12, 3.5, -20]","[193, 131, 13, 3.5, -20]"
"[195, 129, 14, 3.5, -21]","[194, 128, 13, 3.5, -21]","[194, 128, 13, 3.5, -20]","[193, 131, 12, 3.5, -20]"
"[195, 129, 14, 3.5, -21]","[195, 129, 14, 3.5, -21]","[194, 128, 13, 3.5, -21]","[194, 128, 13, 3.5, -20]"
"[195, 129, 13, 3.5, -21]","[195, 129, 14, 3.5, -21]","[195, 129, 14, 3.5, -21]","[194, 128, 13, 3.5, -21]"
"[195, 129, 12, 3.5, -21]","[195, 129, 13, 3.5, -21]","[195, 129, 14, 3.5, -21]","[195, 129, 14, 3.5, -21]"
"[196, 130, 13, 3.5, -21]","[195, 129, 12, 3.5, -21]","[195, 129, 13, 3.5, -21]","[195, 129, 14, 3.5, -21]"
"[196, 130, 13, 3.5, -21]","[196, 130, 13, 3.5, -21]","[195, 129, 12, 3.5, -21]","[195, 129, 13, 3.5, -21]"
"[197, 131, 11, 3.5, -21]","[196, 130, 13, 3.5, -21]","[196, 130, 13, 3.5, -21]","[195, 129, 12, 3.5, -21]"
"[197, 131, 11, 3.5, -21]","[197, 131, 11, 3.5, -21]","[196, 130, 13, 3.5, -21]","[196, 130, 13, 3.5, -21]"
"[197, 130, 10, 9, -21]","[197, 131, 11, 3.5, -21]","[197, 131, 11, 3.5, -21]","[196, 130, 13, 3.5, -21]"
"[197, 130, 10, 3.5, -21]","[197, 130, 10, 9, -21]","[197, 131, 11, 3.5, -21]","[197, 131, 11, 3.5, -21]"
"[198, 131, 10, 3.5, -22]","[197, 130, 10, 3.5, -21]","[197, 130, 10, 9, -21]","[197, 131, 11, 3.5, -21]"
"[198, 131, 10, 3.5, -22]","[198, 131, 10, 3.5, -22]","[197, 130, 10, 3.5, -21]","[197, 130, 10, 9, -21]"
"[199, 79, 11, 3.5, -22]","[198, 131, 10, 3.5, -22]","[198, 131, 10, 3.5, -22]","[197, 130, 10, 3.5, -21]"
"[199, 79, 11, 3.5, -22]","[199, 79, 11, 3.5, -22]","[198, 131, 10, 3.5, -22]","[198, 131, 10, 3.5, -22]"
"[200, 143, 11, 3.5, -22]","[199, 79, 11, 3.5, -22]","[199, 79, 11, 3.5, -22]","[198, 131, 10, 3.5, -22]"
"[201, 144, 11, 3.5, -22]","[200, 143, 11, 3.5, -22]","[199, 79, 11, 3.5, -22]","[199, 79, 11, 3.5, -22]"
"[201, 144, 11, 3.5, -22]","[201, 144, 11, 3.5, -22]","[200, 143, 11, 3.5, -22]","[199, 79, 11, 3.5, -22]"
"[201, 144, 8, 6, -22]","[201, 144, 11, 3.5, -22]","[201, 144, 11, 3.5, -22]","[200, 143, 11, 3.5, -22]"
"[202, 142, 9, 3.5, -22]","[201, 144, 8, 6, -22]","[201, 144, 11, 3.5, -22]","[201, 144, 11, 3.5, -22]"
"[202, 142, 8, 3.5, -22]","[202, 142, 9, 3.5, -22]","[201, 144, 8, 6, -22]","[201, 144, 11, 3.5, -22]"
"[203, 115, 7, 3.5, -22]","[202, 142, 8, 3.5, -22]","[202, 142, 9, 3.5, -22]","[201, 144, 8, 6, -22]"
"[203, 153, 6, 3.5, -22]","[203, 115, 7, 3.5, -22]","[202, 142, 8, 3.5, -22]","[202, 142, 9, 3.5, -22]"
"[203, 153, 6, 3.5, -22]","[203, 153, 6, 3.5, -22]","[203, 115, 7, 3.5, -22]","[202, 142, 8, 3.5, -22]"
"[204, 154, 5, 3.5, -22]","[203, 153, 6, 3.5, -22]","[203, 153, 6, 3.5, -22]","[203, 115, 7, 3.5, -22]"
"[205, 162, 5, 3.5, -22]","[204, 154, 5, 3.5, -22]","[203, 153, 6, 3.5, -22]","[203, 153, 6, 3.5, -22]"
"[205, 162, 4, 3.5, -22]","[205, 162, 5, 3.5, -22]","[204, 154, 5, 3.5, -22]","[203, 153, 6, 3.5, -22]"
"[206, 163, 6, 3.5, -22]","[205, 162, 4, 3.5, -22]","[205, 162, 5, 3.5, -22]","[204, 154, 5, 3.5, -22]"
"[207, 167, 6, 3.5, -23]","[206, 163, 6, 3.5, -22]","[205, 162, 4, 3.5, -22]","[205, 162, 5, 3.5, -22]"
"[207, 167, 6, 3.5, -23]","[207, 167, 6, 3.5, -23]","[206, 163, 6, 3.5, -22]","[205, 162, 4, 3.5, -22]"
"[207, 171, 8, 3.5, -23]","[207, 167, 6, 3.5, -23]","[207, 167, 6, 3.5, -23]","[206, 163, 6, 3.5, -22]"
"[208, 164, 10, 3.5, -23]","[207, 171, 8, 3.5, -23]","[207, 167, 6, 3.5, -23]","[207, 167, 6, 3.5, -23]"
"[208, 164, 9, 3.5, -23]","[208, 164, 10, 3.5, -23]","[207, 171, 8, 3.5, -23]","[207, 167, 6, 3.5, -23]"
"[208, 164, 9, 3.5, -23]","[208, 164, 9, 3.5, -23]","[208, 164, 10, 3.5, -23]","[207, 171, 8, 3.5, -23]"
"[208, 164, 8, 3.5, -23]","[208, 164, 9, 3.5, -23]","[208, 164, 9, 3.5, -23]","[208, 164, 10, 3.5, -23]"
"[209, 151, 10, 3.5, -23]","[208, 164, 8, 3.5, -23]","[208, 164, 9, 3.5, -23]","[208, 164, 9, 3.5, -23]"
"[209, 155, 9, 3.5, -23]","[209, 151, 10, 3.5, -23]","[208, 164, 8, 3.5, -23]","[208, 164, 9, 3.5, -23]"
"[209, 155, 9, 3.5, -23]","[209, 155, 9, 3.5, -23]","[209, 151, 10, 3.5, -23]","[208, 164, 8, 3.5, -23]"
"[211, 153, 5, 3.5, -23]","[209, 155, 9, 3.5, -23]","[209, 155, 9, 3.5, -23]","[209, 151, 10, 3.5, -23]"
"[211, 153, 5, 3.5, -23]","[211, 153, 5, 3.5, -23]","[209, 155, 9, 3.5, -23]","[209, 155, 9, 3.5, -23]"
"[212, 157, 5, 3.5, -23]","[211, 153, 5, 3.5, -23]","[211, 153, 5, 3.5, -23]","[209, 155, 9, 3.5, -23]"
"[212, 157, 5, 6, -23]","[212, 157, 5, 3.5, -23]","[211, 153, 5, 3.5, -23]","[211, 153, 5, 3.5, -23]"
"[212, 171, 2, 3.5, -23]","[212, 157, 5, 6, -23]","[212, 157, 5, 3.5, -23]","[211, 153, 5, 3.5, -23]"
"[213, 160, 3, 3.5, -23]","[212, 171, 2, 3.5, -23]","[212, 157, 5, 6, -23]","[212, 157, 5, 3.5, -23]"
"[213, 160, 1, 3.5, -23]","[213, 160, 3, 3.5, -23]","[212, 171, 2, 3.5, -23]","[212, 157, 5, 6, -23]"
"[213, 160, 1, 3.5, -23]","[213, 160, 1, 3.5, -23]","[213, 160, 3, 3.5, -23]","[212, 171, 2, 3.5, -23]"
"[214, 173, 1, 3.5, -23]","[213, 160, 1, 3.5, -23]","[213, 160, 1, 3.5, -23]","[213, 160, 3, 3.5, -23]"
"[215, 181, 1, 3.5, -23]","[214, 173, 1, 3.5, -23]","[213, 160, 1, 3.5, -23]","[213, 160, 1, 3.5, -23]"
"[215, 188, 1, 3.5, -23]","[215, 181, 1, 3.5, -23]","[214, 173, 1, 3.5, -23]","[213, 160, 1, 3.5, -23]"
"[216, 189, 2, 3.5, -23]","[215, 188, 1, 3.5, -23]","[215, 181, 1, 3.5, -23]","[214, 173, 1, 3.5, -23]"
"[216, 189, 1, 4.5, -23]","[216, 189, 2, 3.5, -23]","[215, 188, 1, 3.5, -23]","[215, 181, 1, 3.5, -23]"
"[217, 190, 5, 3.5, -23]","[216, 189, 1, 4.5, -23]","[216, 189, 2, 3.5, -23]","[215, 188, 1, 3.5, -23]"
"[218, 186, 5, 3.5, -23]","[217, 190, 5, 3.5, -23]","[216, 189, 1, 4.5, -23]","[216, 189, 2, 3.5, -23]"
"[218, 186, 5, 3.5, -23]","[218, 186, 5, 3.5, -23]","[217, 190, 5, 3.5, -23]","[216, 189, 1, 4.5, -23]"
"[218, 191, 9, 3.5, -23]","[218, 186, 5, 3.5, -23]","[218, 186, 5, 3.5, -23]","[217, 190, 5, 3.5, -23]"
"[218, 191, 8, 3.5, -24]","[218, 191, 9, 3.5, -23]","[218, 186, 5, 3.5, -23]","[218, 186, 5, 3.5, -23]"
"[219, 178, 13, 3.5, -24]","[218, 191, 8, 3.5, -24]","[218, 191, 9, 3.5, -23]","[218, 186, 5, 3.5, -23]"
"[219, 178, 12, 3.5, -24]","[219, 178, 13, 3.5, -24]","[218, 191, 8, 3.5, -24]","[218, 191, 9, 3.5, -23]"
"[220, 168, 12, 3.5, -24]","[219, 178, 12, 3.5, -24]","[219, 178, 13, 3.5, -24]","[218, 191, 8, 3.5, -24]"
"[220, 168, 12, 3.5, -24]","[220, 168, 12, 3.5, -24]","[219, 178, 12, 3.5, -24]","[219, 178, 13, 3.5, -24]"
"[220, 168, 11, 3.5, -24]","[220, 168, 12, 3.5, -24]","[220, 168, 12, 3.5, -24]","[219, 178, 12, 3.5, -24]"
"[221, 152, 13, 3.5, -24]","[220, 168, 11, 3.5, -24]","[220, 168, 12, 3.5, -24]","[220, 168, 12, 3.5, -24]"
"[221, 155, 14, 3.5, -24]","[221, 152, 13, 3.5, -24]","[220, 168, 11, 3.5, -24]","[220, 168, 12, 3.5, -24]"
"[221, 155, 14, 3.5, -24]","[221, 155, 14, 3.5, -24]","[221, 152, 13, 3.5, -24]","[220, 168, 11, 3.5, -24]"
"[223, 153, 12, 3.5, -24]","[221, 155, 14, 3.5, -24]","[221, 155, 14, 3.5, -24]","[221, 152, 13, 3.5, -24]"
"[223, 153, 11, 3.5, -24]","[223, 153, 12, 3.5, -24]","[221, 155, 14, 3.5, -24]","[221, 155, 14, 3.5, -24]"
"[223, 153, 11, 3.5, -24]","[223, 153, 11, 3.5, -24]","[223, 153, 12, 3.5, -24]","[221, 155, 14, 3.5, -24]"
"[223, 150, 11, 3.5, -25]","[223, 153, 11, 3.5, -24]","[223, 153, 11, 3.5, -24]","[223, 153, 12, 3.5, -24]"
"[224, 158, 10, 3.5, -25]","[223, 150, 11, 3.5, -25]","[223, 153, 11, 3.5, -24]","[223, 153, 11, 3.5, -24]"
"[224, 158, 10, 3.5, -25]","[224, 158, 10, 3.5, -25]","[223, 150, 11, 3.5, -25]","[223, 153, 11, 3.5, -24]"
"[225, 162, 11, 3.5, -25]","[224, 158, 10, 3.5, -25]","[224, 158, 10, 3.5, -25]","[223, 150, 11, 3.5, -25]"
"[225, 162, 11, 4, -25]","[225, 162, 11, 3.5, -25]","[224, 158, 10, 3.5, -25]","[224, 158, 10, 3.5, -25]"
"[225, 162, 10, 3.5, -25]","[225, 162, 11, 4, -25]","[225, 162, 11, 3.5, -25]","[224, 158, 10, 3.5, -25]"
"[225, 165, 14, 3.5, -25]","[225, 162, 10, 3.5, -25]","[225, 162, 11, 4, -25]","[225, 162, 11, 3.5, -25]"
"[225, 165, 14, 3.5, -25]","[225, 165, 14, 3.5, -25]","[225, 162, 10, 3.5, -25]","[225, 162, 11, 4, -25]"
"[225, 156, 14, 3.5, -25]","[225, 165, 14, 3.5, -25]","[225, 165, 14, 3.5, -25]","[225, 162, 10, 3.5, -25]"
"[226, 152, 19, 3.5, -25]","[225, 156, 14, 3.5, -25]","[225, 165, 14, 3.5, -25]","[225, 165, 14, 3.5, -25]"
"[226, 152, 19, 9, -26]","[226, 152, 19, 3.5, -25]","[225, 156, 14, 3.5, -25]","[225, 165, 14, 3.5, -25]"
"[226, 152, 19, 3.5, -26]","[226, 152, 19, 9, -26]","[226, 152, 19, 3.5, -25]","[225, 156, 14, 3.5, -25]"
"[227, 38, 22, 3.5, -26]","[226, 152, 19, 3.5, -26]","[226, 152, 19, 9, -26]","[226, 152, 19, 3.5, -25]"
"[227, 38, 19, 3.5, -26]","[227, 38, 22, 3.5, -26]","[226, 152, 19, 3.5, -26]","[226, 152, 19, 9, -26]"
"[227, 135, 18, 3.5, -26]","[227, 38, 19, 3.5, -26]","[227, 38, 22, 3.5, -26]","[226, 152, 19, 3.5, -26]"
"[227, 135, 18, 3.5, -26]","[227, 135, 18, 3.5, -26]","[227, 38, 19, 3.5, -26]","[227, 38, 22, 3.5, -26]"
"[227, 124, 15, 3.5, -26]","[227, 135, 18, 3.5, -26]","[227, 135, 18, 3.5, -26]","[227, 38, 19, 3.5, -26]"
"[227, 124, 15, 3.5, -26]","[227, 124, 15, 3.5, -26]","[227, 135, 18, 3.5, -26]","[227, 135, 18, 3.5, -26]"
"[228, 135, 11, 9, -27]","[227, 124, 15, 3.5, -26]","[227, 124, 15, 3.5, -26]","[227, 135, 18, 3.5, -26]"
"[228, 139, 11, 3.5, -27]","[228, 135, 11, 9, -27]","[227, 124, 15, 3.5, -26]","[227, 124, 15, 3.5, -26]"
"[228, 149, 12, 3.5, -27]","[228, 139, 11, 3.5, -27]","[228, 135, 11, 9, -27]","[227, 124, 15, 3.5, -26]"
"[228, 163, 9, 3.5, -27]","[228, 149, 12, 3.5, -27]","[228, 139, 11, 3.5, -27]","[228, 135, 11, 9, -27]"
"[228, 163, 11, 3.5, -27]","[228, 163, 9, 3.5, -27]","[228, 149, 12, 3.5, -27]","[228, 139, 11, 3.5, -27]"
"[228, 163, 13, 3.5, -27]","[228, 163, 11, 3.5, -27]","[228, 163, 9, 3.5, -27]","[228, 149, 12, 3.5, -27]"
"[228, 163, 13, 3.5, -27]","[228, 163, 13, 3.5, -27]","[228, 163, 11, 3.5, -27]","[228, 163, 9, 3.5, -27]"
"[228, 170, 11, 3.5, -27]","[228, 163, 13, 3.5, -27]","[228, 163, 13, 3.5, -27]","[228, 163, 11, 3.5, -27]"
"[228, 163, 13, 3.5, -27]","[228, 170, 11, 3.5, -27]","[228, 163, 13, 3.5, -27]","[228, 163, 13, 3.5, -27]"
"[228, 155, 12, 3.5, -27]","[228, 163, 13, 3.5, -27]","[228, 170, 11, 3.5, -27]","[228, 163, 13, 3.5, -27]"
"[228, 155, 12, 3.5, -27]","[228, 155, 12, 3.5, -27]","[228, 163, 13, 3.5, -27]","[228, 170, 11, 3.5, -27]"
"[228, 162, 13, 3.5, -28]","[228, 155, 12, 3.5, -27]","[228, 155, 12, 3.5, -27]","[228, 163, 13, 3.5, -27]"
"[228, 159, 14, 3.5, -28]","[228, 162, 13, 3.5, -28]","[228, 155, 12, 3.5, -27]","[228, 155, 12, 3.5, -27]"
"[228, 159, 15, 3.5, -28]","[228, 159, 14, 3.5, -28]","[228, 162, 13, 3.5, -28]","[228, 155, 12, 3.5, -27]"
"[228, 158, 12, 3.5, -28]","[228, 159, 15, 3.5, -28]","[228, 159, 14, 3.5, -28]","[228, 162, 13, 3.5, -28]"
"[228, 158, 12, 3.5, -28]","[228, 158, 12, 3.5, -28]","[228, 159, 15, 3.5, -28]","[228, 159, 14, 3.5, -28]"
"[228, 151, 18, 3.5, -28]","[228, 158, 12, 3.5, -28]","[228, 158, 12, 3.5, -28]","[228, 159, 15, 3.5, -28]"
"[228, 151, 18, 3.5, -28]","[228, 151, 18, 3.5, -28]","[228, 158, 12, 3.5, -28]","[228, 158, 12, 3.5, -28]"
"[228, 148, 20, 3.5, -28]","[228, 151, 18, 3.5, -28]","[228, 151, 18, 3.5, -28]","[228, 158, 12, 3.5, -28]"
"[228, 148, 20, 3.5, -29]","[228, 148, 20, 3.5, -28]","[228, 151, 18, 3.5, -28]","[228, 151, 18, 3.5, -28]"
"[228, 137, 19, 3.5, -29]","[228, 148, 20, 3.5, -29]","[228, 148, 20, 3.5, -28]","[228, 151, 18, 3.5, -28]"
"[228, 137, 20, 3.5, -29]","[228, 137, 19, 3.5, -29]","[228, 148, 20, 3.5, -29]","[228, 148, 20, 3.5, -28]"
"[228, 129, 23, 3.5, -29]","[228, 137, 20, 3.5, -29]","[228, 137, 19, 3.5, -29]","[228, 148, 20, 3.5, -29]"
"[228, 129, 20, 3.5, -29]","[228, 129, 23, 3.5, -29]","[228, 137, 20, 3.5, -29]","[228, 137, 19, 3.5, -29]"
"[228, 129, 20, 3.5, -29]","[228, 129, 20, 3.5, -29]","[228, 129, 23, 3.5, -29]","[228, 137, 20, 3.5, -29]"
"[227, 128, 18, 2, -30]","[228, 129, 20, 3.5, -29]","[228, 129, 20, 3.5, -29]","[228, 129, 23, 3.5, -29]"
"[227, 128, 19, 6, -30]","[227, 128, 18, 2, -30]","[228, 129, 20, 3.5, -29]","[228, 129, 20, 3.5, -29]"
"[227, 117, 18, 3.5, -30]","[227, 128, 19, 6, -30]","[227, 128, 18, 2, -30]","[228, 129, 20, 3.5, -29]"
"[227, 157, 13, 3.5, -30]","[227, 117, 18, 3.5, -30]","[227, 128, 19, 6, -30]","[227, 128, 18, 2, -30]"
"[227, 157, 13, 3.5, -30]","[227, 157, 13, 3.5, -30]","[227, 117, 18, 3.5, -30]","[227, 128, 19, 6, -30]"
"[226, 88, 18, 3.5, -30]","[227, 157, 13, 3.5, -30]","[227, 157, 13, 3.5, -30]","[227, 117, 18, 3.5, -30]"
"[226, 88, 18, 3.5, -30]","[226, 88, 18, 3.5, -30]","[227, 157, 13, 3.5, -30]","[227, 157, 13, 3.5, -30]"
"[226, 150, 14, 3.5, -30]","[226, 88, 18, 3.5, -30]","[226, 88, 18, 3.5, -30]","[227, 157, 13, 3.5, -30]"
"[225, 132, 15, 3.5, -30]","[226, 150, 14, 3.5, -30]","[226, 88, 18, 3.5, -30]","[226, 88, 18, 3.5, -30]"
"[225, 132, 16, 3.5, -31]","[225, 132, 15, 3.5, -30]","[226, 150, 14, 3.5, -30]","[226, 88, 18, 3.5, -30]"
"[225, 132, 15, 3.5, -31]","[225, 132, 16, 3.5, -31]","[225, 132, 15, 3.5, -30]","[226, 150, 14, 3.5, -30]"
"[224, 141, 14, 3.5, -31]","[225, 132, 15, 3.5, -31]","[225, 132, 16, 3.5, -31]","[225, 132, 15, 3.5, -30]"
"[224, 141, 18, 3.5, -31]","[224, 141, 14, 3.5, -31]","[225, 132, 15, 3.5, -31]","[225, 132, 16, 3.5, -31]"
"[224, 141, 18, 3.5, -31]","[224, 141, 18, 3.5, -31]","[224, 141, 14, 3.5, -31]","[225, 132, 15, 3.5, -31]"
"[223, 143, 16, 3.5, -31]","[224, 141, 18, 3.5, -31]","[224, 141, 18, 3.5, -31]","[224, 141, 14, 3.5, -31]"
"[223, 143, 20, 3.5, -31]","[223, 143, 16, 3.5, -31]","[224, 141, 18, 3.5, -31]","[224, 141, 18, 3.5, -31]"
"[223, 129, 22, 4, -31]","[223, 143, 20, 3.5, -31]","[223, 143, 16, 3.5, -31]","[224, 141, 18, 3.5, -31]"
"[223, 129, 23, 3.5, -32]","[223, 129, 22, 4, -31]","[223, 143, 20, 3.5, -31]","[223, 143, 16, 3.5, -31]"
"[222, 135, 19, 3.5, -32]","[223, 129, 23, 3.5, -32]","[223, 129, 22, 4, -31]","[223, 143, 20, 3.5, -31]"
"[222, 111, 21, 3.5, -32]","[222, 135, 19, 3.5, -32]","[223, 129, 23, 3.5, -32]","[223, 129, 22, 4, -31]"
"[221, 109, 20, 3.5, -32]","[222, 111, 21, 3.5, -32]","[222, 135, 19, 3.5, -32]","[223, 129, 23, 3.5, -32]"
"[221, 109, 19, 3.5, -32]","[221, 109, 20, 3.5, -32]","[222, 111, 21, 3.5, -32]","[222, 135, 19, 3.5, -32]"
"[221, 123, 18, 4, -32]","[221, 109, 19, 3.5, -32]","[221, 109, 20, 3.5, -32]","[222, 111, 21, 3.5, -32]"
"[221, 123, 18, 3.5, -33]","[221, 123, 18, 4, -32]","[221, 109, 19, 3.5, -32]","[221, 109, 20, 3.5, -32]"
"[221, 123, 19, 3.5, -33]","[221, 123, 18, 3.5, -33]","[221, 123, 18, 4, -32]","[221, 109, 19, 3.5, -32]"
"[219, 111, 16, 3.5, -33]","[221, 123, 19, 3.5, -33]","[221, 123, 18, 3.5, -33]","[221, 123, 18, 4, -32]"
"[219, 111, 18, 3.5, -33]","[219, 111, 16, 3.5, -33]","[221, 123, 19, 3.5, -33]","[221, 123, 18, 3.5, -33]"
"[218, 122, 22, 3.5, -33]","[219, 111, 18, 3.5, -33]","[219, 111, 16, 3.5, -33]","[221, 123, 19, 3.5, -33]"
"[218, 119, 20, 3.5, -33]","[218, 122, 22, 3.5, -33]","[219, 111, 18, 3.5, -33]","[219, 111, 16, 3.5, -33]"
"[218, 119, 19, 9, -33]","[218, 119, 20, 3.5, -33]","[218, 122, 22, 3.5, -33]","[219, 111, 18, 3.5, -33]"
"[217, 121, 20, 3.5, -34]","[218, 119, 19, 9, -33]","[218, 119, 20, 3.5, -33]","[218, 122, 22, 3.5, -33]"
"[217, 107, 21, 3.5, -34]","[217, 121, 20, 3.5, -34]","[218, 119, 19, 9, -33]","[218, 119, 20, 3.5, -33]"
"[217, 107, 21, 3.5, -34]","[217, 107, 21, 3.5, -34]","[217, 121, 20, 3.5, -34]","[218, 119, 19, 9, -33]"
"[216, 116, 21, 3.5, -34]","[217, 107, 21, 3.5, -34]","[217, 107, 21, 3.5, -34]","[217, 121, 20, 3.5, -34]"
"[215, 111, 18, 3.5, -34]","[216, 116, 21, 3.5, -34]","[217, 107, 21, 3.5, -34]","[217, 107, 21, 3.5, -34]"
"[215, 111, 19, 3.5, -34]","[215, 111, 18, 3.5, -34]","[216, 116, 21, 3.5, -34]","[217, 107, 21, 3.5, -34]"
"[214, 106, 24, 3.5, -34]","[215, 111, 19, 3.5, -34]","[215, 111, 18, 3.5, -34]","[216, 116, 21, 3.5, -34]"
"[214, 106, 25, 6, -35]","[214, 106, 24, 3.5, -34]","[215, 111, 19, 3.5, -34]","[215, 111, 18, 3.5, -34]"
"[214, 106, 23, 3.5, -35]","[214, 106, 25, 6, -35]","[214, 106, 24, 3.5, -34]","[215, 111, 19, 3.5, -34]"
"[214, 106, 24, 3.5, -35]","[214, 106, 23, 3.5, -35]","[214, 106, 25, 6, -35]","[214, 106, 24, 3.5, -34]"
"[212, 33, 24, 3.5, -35]","[214, 106, 24, 3.5, -35]","[214, 106, 23, 3.5, -35]","[214, 106, 25, 6, -35]"
"[212, 33, 25, 3.5, -35]","[212, 33, 24, 3.5, -35]","[214, 106, 24, 3.5, -35]","[214, 106, 23, 3.5, -35]"
"[211, 95, 22, 3.5, -36]","[212, 33, 25, 3.5, -35]","[212, 33, 24, 3.5, -35]","[214, 106, 24, 3.5, -35]"
"[211, 92, 23, 3.5, -36]","[211, 95, 22, 3.5, -36]","[212, 33, 25, 3.5, -35]","[212, 33, 24, 3.5, -35]"
"[210, 87, 25, 3.5, -36]","[211, 92, 23, 3.5, -36]","[211, 95, 22, 3.5, -36]","[212, 33, 25, 3.5, -35]"
"[209, 96, 23, 4.5, -36]","[210, 87, 25, 3.5, -36]","[211, 92, 23, 3.5, -36]","[211, 95, 22, 3.5, -36]"
"[209, 96, 23, 3.5, -36]","[209, 96, 23, 4.5, -36]","[210, 87, 25, 3.5, -36]","[211, 92, 23, 3.5, -36]"
"[209, 96, 23, 3.5, -36]","[209, 96, 23, 3.5, -36]","[209, 96, 23, 4.5, -36]","[210, 87, 25, 3.5, -36]"
"[209, 60, 20, 3.5, -37]","[209, 96, 23, 3.5, -36]","[209, 96, 23, 3.5, -36]","[209, 96, 23, 4.5, -36]"
"[209, 92, 22, 3.5, -37]","[209, 60, 20, 3.5, -37]","[209, 96, 23, 3.5, -36]","[209, 96, 23, 3.5, -36]"
"[209, 92, 20, 3.5, -37]","[209, 92, 22, 3.5, -37]","[209, 60, 20, 3.5, -37]","[209, 96, 23, 3.5, -36]"
"[208, 91, 18, 3.5, -37]","[209, 92, 20, 3.5, -37]","[209, 92, 22, 3.5, -37]","[209, 60, 20, 3.5, -37]"
"[208, 91, 18, 3.5, -37]","[208, 91, 18, 3.5, -37]","[209, 92, 20, 3.5, -37]","[209, 92, 22, 3.5, -37]"
"[207, 100, 18, 3.5, -37]","[208, 91, 18, 3.5, -37]","[208, 91, 18, 3.5, -37]","[209, 92, 20, 3.5, -37]"
"[206, 99, 17, 3.5, -37]","[207, 100, 18, 3.5, -37]","[208, 91, 18, 3.5, -37]","[208, 91, 18, 3.5, -37]"
"[206, 106, 17, 3.5, -38]","[206, 99, 17, 3.5, -37]","[207, 100, 18, 3.5, -37]","[208, 91, 18, 3.5, -37]"
"[206, 106, 17, 3.5, -38]","[206, 106, 17, 3.5, -38]","[206, 99, 17, 3.5, -37]","[207, 100, 18, 3.5, -37]"
"[205, 105, 15, 3.5, -38]","[206, 106, 17, 3.5, -38]","[206, 106, 17, 3.5, -38]","[206, 99, 17, 3.5, -37]"
"[204, 107, 18, 3.5, -38]","[205, 105, 15, 3.5, -38]","[206, 106, 17, 3.5, -38]","[206, 106, 17, 3.5, -38]"
"[204, 107, 16, 3.5, -38]","[204, 107, 18, 3.5, -38]","[205, 105, 15, 3.5, -38]","[206, 106, 17, 3.5, -38]"
"[203, 106, 14, 9, -38]","[204, 107, 16, 3.5, -38]","[204, 107, 18, 3.5, -38]","[205, 105, 15, 3.5, -38]"
"[203, 113, 15, 3.5, -38]","[203, 106, 14, 9, -38]","[204, 107, 16, 3.5, -38]","[204, 107, 18, 3.5, -38]"
"[202, 20, 14, 3.5, -38]","[203, 113, 15, 3.5, -38]","[203, 106, 14, 9, -38]","[204, 107, 16, 3.5, -38]"
"[202, 20, 15, 3.5, -39]","[202, 20, 14, 3.5, -38]","[203, 113, 15, 3.5, -38]","[203, 106, 14, 9, -38]"
"[201, 114, 14, 3.5, -39]","[202, 20, 15, 3.5, -39]","[202, 20, 14, 3.5, -38]","[203, 113, 15, 3.5, -38]"
"[201, 114, 11, 3.5, -39]","[201, 114, 14, 3.5, -39]","[202, 20, 15, 3.5, -39]","[202, 20, 14, 3.5, -38]"
"[200, 112, 12, 3.5, -39]","[201, 114, 11, 3.5, -39]","[201, 114, 14, 3.5, -39]","[202, 20, 15, 3.5, -39]"
"[200, 109, 13, 6, -39]","[200, 112, 12, 3.5, -39]","[201, 114, 11, 3.5, -39]","[201, 114, 14, 3.5, -39]"
"[199, 122, 13, 3.5, -39]","[200, 109, 13, 6, -39]","[200, 112, 12, 3.5, -39]","[201, 114, 11, 3.5, -39]"
"[199, 122, 13, 3.5, -39]","[199, 122, 13, 3.5, -39]","[200, 109, 13, 6, -39]","[200, 112, 12, 3.5, -39]"
"[199, 88, 13, 3.5, -39]","[199, 122, 13, 3.5, -39]","[199, 122, 13, 3.5, -39]","[200, 109, 13, 6, -39]"
"[198, 113, 14, 3.5, -39]","[199, 88, 13, 3.5, -39]","[199, 122, 13, 3.5, -39]","[199, 122, 13, 3.5, -39]"
"[198, 113, 15, 3.5, -39]","[198, 113, 14, 3.5, -39]","[199, 88, 13, 3.5, -39]","[199, 122, 13, 3.5, -39]"
"[197, 112, 14, 3.5, -40]","[198, 113, 15, 3.5, -39]","[198, 113, 14, 3.5, -39]","[199, 88, 13, 3.5, -39]"
"[197, 109, 13, 3.5, -40]","[197, 112, 14, 3.5, -40]","[198, 113, 15, 3.5, -39]","[198, 113, 14, 3.5, -39]"
"[197, 109, 16, 2, -40]","[197, 109, 13, 3.5, -40]","[197, 112, 14, 3.5, -40]","[198, 113, 15, 3.5, -39]"
"[196, 104, 15, 3.5, -40]","[197, 109, 16, 2, -40]","[197, 109, 13, 3.5, -40]","[197, 112, 14, 3.5, -40]"
"[195, 129, 14, 3.5, -40]","[196, 104, 15, 3.5, -40]","[197, 109, 16, 2, -40]","[197, 109, 13, 3.5, -40]"
"[195, 129, 15, 3.5, -40]","[195, 129, 14, 3.5, -40]","[196, 104, 15, 3.5, -40]","[197, 109, 16, 2, -40]"
"[195, 99, 16, 4, -40]","[195, 129, 15, 3.5, -40]","[195, 129, 14, 3.5, -40]","[196, 104, 15, 3.5, -40]"
"[194, 105, 16, 3.5, -40]","[195, 99, 16, 4, -40]","[195, 129, 15, 3.5, -40]","[195, 129, 14, 3.5, -40]"
"[194, 105, 18, 3.5, -40]","[194, 105, 16, 3.5, -40]","[195, 99, 16, 4, -40]","[195, 129, 15, 3.5, -40]"
"[194, 94, 17, 3.5, -41]","[194, 105, 18, 3.5, -40]","[194, 105, 16, 3.5, -40]","[195, 99, 16, 4, -40]"
"[194, 94, 17, 3.5, -41]","[194, 94, 17, 3.5, -41]","[194, 105, 18, 3.5, -40]","[194, 105, 16, 3.5, -40]"
"[193, 97, 20, 3.5, -41]","[194, 94, 17, 3.5, -41]","[194, 94, 17, 3.5, -41]","[194, 105, 18, 3.5, -40]"
"[193, 89, 19, 3.5, -41]","[193, 97, 20, 3.5, -41]","[194, 94, 17, 3.5, -41]","[194, 94, 17, 3.5, -41]"
"[193, 89, 18, 3.5, -41]","[193, 89, 19, 3.5, -41]","[193, 97, 20, 3.5, -41]","[194, 94, 17, 3.5, -41]"
"[193, 93, 19, 3.5, -41]","[193, 89, 18, 3.5, -41]","[193, 89, 19, 3.5, -41]","[193, 97, 20, 3.5, -41]"
"[192, 81, 19, 3.5, -41]","[193, 93, 19, 3.5, -41]","[193, 89, 18, 3.5, -41]","[193, 89, 19, 3.5, -41]"
"[192, 81, 18, 3.5, -42]","[192, 81, 19, 3.5, -41]","[193, 93, 19, 3.5, -41]","[193, 89, 18, 3.5, -41]"
"[192, 88, 18, 3.5, -42]","[192, 81, 18, 3.5, -42]","[192, 81, 19, 3.5, -41]","[193, 93, 19, 3.5, -41]"
"[192, 84, 16, 3.5, -42]","[192, 88, 18, 3.5, -42]","[192, 81, 18, 3.5, -42]","[192, 81, 19, 3.5, -41]"
"[192, 84, 16, 3.5, -42]","[192, 84, 16, 3.5, -42]","[192, 88, 18, 3.5, -42]","[192, 81, 18, 3.5, -42]"
"[191, 86, 18, 3.5, -42]","[192, 84, 16, 3.5, -42]","[192, 84, 16, 3.5, -42]","[192, 88, 18, 3.5, -42]"
"[191, 86, 17, 3.5, -42]","[191, 86, 18, 3.5, -42]","[192, 84, 16, 3.5, -42]","[192, 84, 16, 3.5, -42]"
"[191, 86, 15, 3.5, -42]","[191, 86, 17, 3.5, -42]","[191, 86, 18, 3.5, -42]","[192, 84, 16, 3.5, -42]"
"[191, 93, 15, 3.5, -43]","[191, 86, 15, 3.5, -42]","[191, 86, 17, 3.5, -42]","[191, 86, 18, 3.5, -42]"
"[190, 85, 15, 3.5, -43]","[191, 93, 15, 3.5, -43]","[191, 86, 15, 3.5, -42]","[191, 86, 17, 3.5, -42]"
"[190, 85, 15, 3.5, -43]","[190, 85, 15, 3.5, -43]","[191, 93, 15, 3.5, -43]","[191, 86, 15, 3.5, -42]"
"[190, 95, 15, 3.5, -43]","[190, 85, 15, 3.5, -43]","[190, 85, 15, 3.5, -43]","[191, 93, 15, 3.5, -43]"
"[190, 95, 11, 3.5, -43]","[190, 95, 15, 3.5, -43]","[190, 85, 15, 3.5, -43]","[190, 85, 15, 3.5, -43]"
"[190, 95, 11, 3.5, -43]","[190, 95, 11, 3.5, -43]","[190, 95, 15, 3.5, -43]","[190, 85, 15, 3.5, -43]"
"[190, 95, 13, 3.5, -43]","[190, 95, 11, 3.5, -43]","[190, 95, 11, 3.5, -43]","[190, 95, 15, 3.5, -43]"
"[190, 94, 11, 3.5, -43]","[190, 95, 13, 3.5, -43]","[190, 95, 11, 3.5, -43]","[190, 95, 11, 3.5, -43]"
"[190, 94, 7, 3.5, -43]","[190, 94, 11, 3.5, -43]","[190, 95, 13, 3.5, -43]","[190, 95, 11, 3.5, -43]"
"[190, 94, 7, 3.5, -43]","[190, 94, 7, 3.5, -43]","[190, 94, 11, 3.5, -43]","[190, 95, 13, 3.5, -43]"
"[190, 101, 6, 3.5, -44]","[190, 94, 7, 3.5, -43]","[190, 94, 7, 3.5, -43]","[190, 94, 11, 3.5, -43]"
"[190, 122, 4, 3.5, -44]","[190, 101, 6, 3.5, -44]","[190, 94, 7, 3.5, -43]","[190, 94, 7, 3.5, -43]"
"[190, 122, 4, 3.5, -44]","[190, 122, 4, 3.5, -44]","[190, 101, 6, 3.5, -44]","[190, 94, 7, 3.5, -43]"
"[190, 122, -1, 3.5, -44]","[190, 122, 4, 3.5, -44]","[190, 122, 4, 3.5, -44]","[190, 101, 6, 3.5, -44]"
"[190, 122, -1, 3.5, -44]","[190, 122, -1, 3.5, -44]","[190, 122, 4, 3.5, -44]","[190, 122, 4, 3.5, -44]"
"[190, 132, 0, 3.5, -44]","[190, 122, -1, 3.5, -44]","[190, 122, -1, 3.5, -44]","[190, 122, 4, 3.5, -44]"
"[190, 132, 0, 3.5, -44]","[190, 132, 0, 3.5, -44]","[190, 122, -1, 3.5, -44]","[190, 122, -1, 3.5, -44]"
"[190, 132, -3, 3.5, -44]","[190, 132, 0, 3.5, -44]","[190, 132, 0, 3.5, -44]","[190, 122, -1, 3.5, -44]"
"[190, 150, -3, 3.5, -44]","[190, 132, -3, 3.5, -44]","[190, 132, 0, 3.5, -44]","[190, 132, 0, 3.5, -44]"
"[190, 150, -3, 3.5, -44]","[190, 150, -3, 3.5, -44]","[190, 132, -3, 3.5, -44]","[190, 132, 0, 3.5, -44]"
"[190, 157, -3, 4, -44]","[190, 150, -3, 3.5, -44]","[190, 150, -3, 3.5, -44]","[190, 132, -3, 3.5, -44]"
"[190, 157, -2, 3.5, -44]","[190, 157, -3, 4, -44]","[190, 150, -3, 3.5, -44]","[190, 150, -3, 3.5, -44]"
"[190, 157, -4, 3.5, -44]","[190, 157, -2, 3.5, -44]","[190, 157, -3, 4, -44]","[190, 150, -3, 3.5, -44]"
"[190, 157, -5, 3.5, -43]","[190, 157, -4, 3.5, -44]","[190, 157, -2, 3.5, -44]","[190, 157, -3, 4, -44]"
"[190, 157, -3, 3.5, -43]","[190, 157, -5, 3.5, -43]","[190, 157, -4, 3.5, -44]","[190, 157, -2, 3.5, -44]"
"[190, 157, -3, 4.5, -43]","[190, 157, -3, 3.5, -43]","[190, 157, -5, 3.5, -43]","[190, 157, -4, 3.5, -44]"
"[191, 165, -5, 3.5, -43]","[190, 157, -3, 4.5, -43]","[190, 157, -3, 3.5, -43]","[190, 157, -5, 3.5, -43]"
"[191, 165, -5, 3.5, -43]","[191, 165, -5, 3.5, -43]","[190, 157, -3, 4.5, -43]","[190, 157, -3, 3.5, -43]"
"[191, 161, -6, 3.5, -43]","[191, 165, -5, 3.5, -43]","[191, 165, -5, 3.5, -43]","[190, 157, -3, 4.5, -43]"
"[191, 165, -6, 3.5, -43]","[191, 161, -6, 3.5, -43]","[191, 165, -5, 3.5, -43]","[191, 165, -5, 3.5, -43]"
"[191, 165, -7, 9, -43]","[191, 165, -6, 3.5, -43]","[191, 161, -6, 3.5, -43]","[191, 165, -5, 3.5, -43]"
"[192, 166, -7, 3.5, -43]","[191, 165, -7, 9, -43]","[191, 165, -6, 3.5, -43]","[191, 161, -6, 3.5, -43]"
"[182, 192, -6, 3.5, -43]","[192, 166, -7, 3.5, -43]","[191, 165, -7, 9, -43]","[191, 165, -6, 3.5, -43]"
"[182, 192, -5, 3.5, -43]","[182, 192, -6, 3.5, -43]","[192, 166, -7, 3.5, -43]","[191, 165, -7, 9, -43]"
"[182, 192, -5, 3.5, -43]","[182, 192, -5, 3.5, -43]","[182, 192, -6, 3.5, -43]","[192, 166, -7, 3.5, -43]"
"[193, 171, -3, 6, -43]","[182, 192, -5, 3.5, -43]","[182, 192, -5, 3.5, -43]","[182, 192, -6, 3.5, -43]"
"[193, 171, -2, 3.5, -43]","[193, 171, -3, 6, -43]","[182, 192, -5, 3.5, -43]","[182, 192, -5, 3.5, -43]"
"[193, 167, -4, 3.5, -43]","[193, 171, -2, 3.5, -43]","[193, 171, -3, 6, -43]","[182, 192, -5, 3.5, -43]"
"[194, 162, -3, 3.5, -43]","[193, 167, -4, 3.5, -43]","[193, 171, -2, 3.5, -43]","[193, 171, -3, 6, -43]"
"[194, 162, -2, 3.5, -43]","[194, 162, -3, 3.5, -43]","[193, 167, -4, 3.5, -43]","[193, 171, -2, 3.5, -43]"
"[194, 158, -4, 3.5, -43]","[194, 162, -2, 3.5, -43]","[194, 162, -3, 3.5, -43]","[193, 167, -4, 3.5, -43]"
"[194, 158, -4, 4, -43]","[194, 158, -4, 3.5, -43]","[194, 162, -2, 3.5, -43]","[194, 162, -3, 3.5, -43]"
"[195, 163, -3, 3.5, -43]","[194, 158, -4, 4, -43]","[194, 158, -4, 3.5, -43]","[194, 162, -2, 3.5, -43]"
"[195, 159, -3, 3.5, -43]","[195, 163, -3, 3.5, -43]","[194, 158, -4, 4, -43]","[194, 158, -4, 3.5, -43]"
"[196, 167, -6, 4.5, -43]","[195, 159, -3, 3.5, -43]","[195, 163, -3, 3.5, -43]","[194, 158, -4, 4, -43]"
"[196, 167, -3, 3.5, -43]","[196, 167, -6, 4.5, -43]","[195, 159, -3, 3.5, -43]","[195, 163, -3, 3.5, -43]"
"[196, 164, -3, 3.5, -43]","[196, 167, -3, 3.5, -43]","[196, 167, -6, 4.5, -43]","[195, 159, -3, 3.5, -43]"
"[196, 164, -4, 3.5, -43]","[196, 164, -3, 3.5, -43]","[196, 167, -3, 3.5, -43]","[196, 167, -6, 4.5, -43]"
"[197, 175, -3, 3.5, -43]","[196, 164, -4, 3.5, -43]","[196, 164, -3, 3.5, -43]","[196, 167, -3, 3.5, -43]"
"[197, 165, -4, 3.5, -43]","[197, 175, -3, 3.5, -43]","[196, 164, -4, 3.5, -43]","[196, 164, -3, 3.5, -43]"
"[197, 165, -4, 3.5, -43]","[197, 165, -4, 3.5, -43]","[197, 175, -3, 3.5, -43]","[196, 164, -4, 3.5, -43]"
"[198, 169, -6, 3.5, -43]","[197, 165, -4, 3.5, -43]","[197, 165, -4, 3.5, -43]","[197, 175, -3, 3.5, -43]"
"[199, 167, -6, 3.5, -43]","[198, 169, -6, 3.5, -43]","[197, 165, -4, 3.5, -43]","[197, 165, -4, 3.5, -43]"
"[199, 167, -9, 3.5, -42]","[199, 167, -6, 3.5, -43]","[198, 169, -6, 3.5, -43]","[197, 165, -4, 3.5, -43]"
"[199, 167, -10, 3.5, -42]","[199, 167, -9, 3.5, -42]","[199, 167, -6, 3.5, -43]","[198, 169, -6, 3.5, -43]"
"[200, 178, -10, 3.5, -42]","[199, 167, -10, 3.5, -42]","[199, 167, -9, 3.5, -42]","[199, 167, -6, 3.5, -43]"
"[200, 178, -14, 3.5, -42]","[200, 178, -10, 3.5, -42]","[199, 167, -10, 3.5, -42]","[199, 167, -9, 3.5, -42]"
"[201, 190, -15, 3.5, -42]","[200, 178, -14, 3.5, -42]","[200, 178, -10, 3.5, -42]","[199, 167, -10, 3.5, -42]"
"[201, 194, -14, 4.5, -42]","[201, 190, -15, 3.5, -42]","[200, 178, -14, 3.5, -42]","[200, 178, -10, 3.5, -42]"
"[201, 194, -16, 3.5, -42]","[201, 194, -14, 4.5, -42]","[201, 190, -15, 3.5, -42]","[200, 178, -14, 3.5, -42]"
"[196, 202, -17, 3.5, -42]","[201, 194, -16, 3.5, -42]","[201, 194, -14, 4.5, -42]","[201, 190, -15, 3.5, -42]"
"[196, 202, -17, 3.5, -42]","[196, 202, -17, 3.5, -42]","[201, 194, -16, 3.5, -42]","[201, 194, -14, 4.5, -42]"
"[178, 203, -15, 3.5, -41]","[196, 202, -17, 3.5, -42]","[196, 202, -17, 3.5, -42]","[201, 194, -16, 3.5, -42]"
"[191, 204, -16, 3.5, -41]","[178, 203, -15, 3.5, -41]","[196, 202, -17, 3.5, -42]","[196, 202, -17, 3.5, -42]"
"[188, 205, -14, 3.5, -41]","[191, 204, -16, 3.5, -41]","[178, 203, -15, 3.5, -41]","[196, 202, -17, 3.5, -42]"
"[188, 205, -15, 3.5, -41]","[188, 205, -14, 3.5, -41]","[191, 204, -16, 3.5, -41]","[178, 203, -15, 3.5, -41]"
"[188, 205, -16, 3.5, -41]","[188, 205, -15, 3.5, -41]","[188, 205, -14, 3.5, -41]","[191, 204, -16, 3.5, -41]"
"[199, 206, -14, 3.5, -41]","[188, 205, -16, 3.5, -41]","[188, 205, -15, 3.5, -41]","[188, 205, -14, 3.5, -41]"
"[199, 206, -17, 3.5, -41]","[199, 206, -14, 3.5, -41]","[188, 205, -16, 3.5, -41]","[188, 205, -15, 3.5, -41]"
"[199, 206, -17, 3.5, -41]","[199, 206, -17, 3.5, -41]","[199, 206, -14, 3.5, -41]","[188, 205, -16, 3.5, -41]"
"[201, 208, -16, 3.5, -40]","[199, 206, -17, 3.5, -41]","[199, 206, -17, 3.5, -41]","[199, 206, -14, 3.5, -41]"
"[201, 208, -16, 3.5, -40]","[201, 208, -16, 3.5, -40]","[199, 206, -17, 3.5, -41]","[199, 206, -17, 3.5, -41]"
"[190, 208, -19, 3.5, -40]","[201, 208, -16, 3.5, -40]","[201, 208, -16, 3.5, -40]","[199, 206, -17, 3.5, -41]"
"[194, 209, -17, 3.5, -40]","[190, 208, -19, 3.5, -40]","[201, 208, -16, 3.5, -40]","[201, 208, -16, 3.5, -40]"
"[194, 209, -18, 2, -40]","[194, 209, -17, 3.5, -40]","[190, 208, -19, 3.5, -40]","[201, 208, -16, 3.5, -40]"
"[194, 209, -20, 3.5, -40]","[194, 209, -18, 2, -40]","[194, 209, -17, 3.5, -40]","[190, 208, -19, 3.5, -40]"
"[194, 209, -21, 3.5, -40]","[194, 209, -20, 3.5, -40]","[194, 209, -18, 2, -40]","[194, 209, -17, 3.5, -40]"
"[210, 204, -19, 6, -39]","[194, 209, -21, 3.5, -40]","[194, 209, -20, 3.5, -40]","[194, 209, -18, 2, -40]"
"[210, 204, -20, 3.5, -39]","[210, 204, -19, 6, -39]","[194, 209, -21, 3.5, -40]","[194, 209, -20, 3.5, -40]"
"[188, 210, -20, 4.5, -39]","[210, 204, -20, 3.5, -39]","[210, 204, -19, 6, -39]","[194, 209, -21, 3.5, -40]"
"[188, 210, -21, 6, -39]","[188, 210, -20, 4.5, -39]","[210, 204, -20, 3.5, -39]","[210, 204, -19, 6, -39]"
"[186, 212, -23, 3.5, -39]","[188, 210, -21, 6, -39]","[188, 210, -20, 4.5, -39]","[210, 204, -20, 3.5, -39]"
"[133, 213, -21, 3.5, -39]","[186, 212, -23, 3.5, -39]","[188, 210, -21, 6, -39]","[188, 210, -20, 4.5, -39]"
"[133, 213, -21, 3.5, -38]","[133, 213, -21, 3.5, -39]","[186, 212, -23, 3.5, -39]","[188, 210, -21, 6, -39]"
"[179, 213, -24, 3.5, -38]","[133, 213, -21, 3.5, -38]","[133, 213, -21, 3.5, -39]","[186, 212, -23, 3.5, -39]"
"[180, 214, -20, 3.5, -38]","[179, 213, -24, 3.5, -38]","[133, 213, -21, 3.5, -38]","[133, 213, -21, 3.5, -39]"
"[181, 215, -23, 9, -38]","[180, 214, -20, 3.5, -38]","[179, 213, -24, 3.5, -38]","[133, 213, -21, 3.5, -38]"
"[181, 215, -19, 3.5, -38]","[181, 215, -23, 9, -38]","[180, 214, -20, 3.5, -38]","[179, 213, -24, 3.5, -38]"
"[75, 216, -18, 3.5, -38]","[181, 215, -19, 3.5, -38]","[181, 215, -23, 9, -38]","[180, 214, -20, 3.5, -38]"
"[75, 216, -18, 9, -37]","[75, 216, -18, 3.5, -38]","[181, 215, -19, 3.5, -38]","[181, 215, -23, 9, -38]"
"[174, 216, -17, 3.5, -37]","[75, 216, -18, 9, -37]","[75, 216, -18, 3.5, -38]","[181, 215, -19, 3.5, -38]"
"[174, 216, -17, 3.5, -37]","[174, 216, -17, 3.5, -37]","[75, 216, -18, 9, -37]","[75, 216, -18, 3.5, -38]"
"[193, 218, -12, 3.5, -37]","[174, 216, -17, 3.5, -37]","[174, 216, -17, 3.5, -37]","[75, 216, -18, 9, -37]"
"[193, 218, -10, 3.5, -37]","[193, 218, -12, 3.5, -37]","[174, 216, -17, 3.5, -37]","[174, 216, -17, 3.5, -37]"
"[197, 218, -6, 3.5, -37]","[193, 218, -10, 3.5, -37]","[193, 218, -12, 3.5, -37]","[174, 216, -17, 3.5, -37]"
"[215, 219, -3, 3.5, -37]","[197, 218, -6, 3.5, -37]","[193, 218, -10, 3.5, -37]","[193, 218, -12, 3.5, -37]"
"[215, 219, 0, 3.5, -37]","[215, 219, -3, 3.5, -37]","[197, 218, -6, 3.5, -37]","[193, 218, -10, 3.5, -37]"
"[220, 204, 2, 4, -37]","[215, 219, 0, 3.5, -37]","[215, 219, -3, 3.5, -37]","[197, 218, -6, 3.5, -37]"
"[220, 194, 4, 3.5, -37]","[220, 204, 2, 4, -37]","[215, 219, 0, 3.5, -37]","[215, 219, -3, 3.5, -37]"
"[220, 194, 7, 3.5, -37]","[220, 194, 4, 3.5, -37]","[220, 204, 2, 4, -37]","[215, 219, 0, 3.5, -37]"
"[221, 177, 9, 3.5, -37]","[220, 194, 7, 3.5, -37]","[220, 194, 4, 3.5, -37]","[220, 204, 2, 4, -37]"
"[221, 170, 10, 3.5, -37]","[221, 177, 9, 3.5, -37]","[220, 194, 7, 3.5, -37]","[220, 194, 4, 3.5, -37]"
"[221, 170, 11, 3.5, -37]","[221, 170, 10, 3.5, -37]","[221, 177, 9, 3.5, -37]","[220, 194, 7, 3.5, -37]"
"[222, 154, 12, 3.5, -37]","[221, 170, 11, 3.5, -37]","[221, 170, 10, 3.5, -37]","[221, 177, 9, 3.5, -37]"
"[222, 150, 14, 4.5, -37]","[222, 154, 12, 3.5, -37]","[221, 170, 11, 3.5, -37]","[221, 170, 10, 3.5, -37]"
"[222, 150, 11, 3.5, -37]","[222, 150, 14, 4.5, -37]","[222, 154, 12, 3.5, -37]","[221, 170, 11, 3.5, -37]"
"[223, 132, 15, 3.5, -37]","[222, 150, 11, 3.5, -37]","[222, 150, 14, 4.5, -37]","[222, 154, 12, 3.5, -37]"
"[224, 138, 15, 3.5, -38]","[223, 132, 15, 3.5, -37]","[222, 150, 11, 3.5, -37]","[222, 150, 14, 4.5, -37]"
"[224, 148, 17, 3.5, -38]","[224, 138, 15, 3.5, -38]","[223, 132, 15, 3.5, -37]","[222, 150, 11, 3.5, -37]"
"[224, 148, 20, 3.5, -38]","[224, 148, 17, 3.5, -38]","[224, 138, 15, 3.5, -38]","[223, 132, 15, 3.5, -37]"
"[224, 148, 20, 3.5, -38]","[224, 148, 20, 3.5, -38]","[224, 148, 17, 3.5, -38]","[224, 138, 15, 3.5, -38]"
"[224, 134, 17, 3.5, -38]","[224, 148, 20, 3.5, -38]","[224, 148, 20, 3.5, -38]","[224, 148, 17, 3.5, -38]"
"[224, 134, 17, 3.5, -38]","[224, 134, 17, 3.5, -38]","[224, 148, 20, 3.5, -38]","[224, 148, 20, 3.5, -38]"
"[225, 128, 18, 3.5, -38]","[224, 134, 17, 3.5, -38]","[224, 134, 17, 3.5, -38]","[224, 148, 20, 3.5, -38]"
"[226, 128, 15, 3.5, -39]","[225, 128, 18, 3.5, -38]","[224, 134, 17, 3.5, -38]","[224, 134, 17, 3.5, -38]"
"[226, 128, 14, 3.5, -39]","[226, 128, 15, 3.5, -39]","[225, 128, 18, 3.5, -38]","[224, 134, 17, 3.5, -38]"
"[226, 128, 13, 3.5, -39]","[226, 128, 14, 3.5, -39]","[226, 128, 15, 3.5, -39]","[225, 128, 18, 3.5, -38]"
"[226, 128, 13, 3.5, -39]","[226, 128, 13, 3.5, -39]","[226, 128, 14, 3.5, -39]","[226, 128, 15, 3.5, -39]"
"[227, 136, 14, 3.5, -39]","[226, 128, 13, 3.5, -39]","[226, 128, 13, 3.5, -39]","[226, 128, 14, 3.5, -39]"
"[227, 139, 12, 3.5, -39]","[227, 136, 14, 3.5, -39]","[226, 128, 13, 3.5, -39]","[226, 128, 13, 3.5, -39]"
"[227, 139, 12, 3.5, -39]","[227, 139, 12, 3.5, -39]","[227, 136, 14, 3.5, -39]","[226, 128, 13, 3.5, -39]"
"[227, 142, 14, 3.5, -39]","[227, 139, 12, 3.5, -39]","[227, 139, 12, 3.5, -39]","[227, 136, 14, 3.5, -39]"
"[227, 139, 11, 3.5, -39]","[227, 142, 14, 3.5, -39]","[227, 139, 12, 3.5, -39]","[227, 139, 12, 3.5, -39]"
"[228, 147, 14, 3.5, -40]","[227, 139, 11, 3.5, -39]","[227, 142, 14, 3.5, -39]","[227, 139, 12, 3.5, -39]"
"[228, 147, 14, 3.5, -40]","[228, 147, 14, 3.5, -40]","[227, 139, 11, 3.5, -39]","[227, 142, 14, 3.5, -39]"
"[228, 140, 12, 3.5, -40]","[228, 147, 14, 3.5, -40]","[228, 147, 14, 3.5, -40]","[227, 139, 11, 3.5, -39]"
"[228, 139, 13, 3.5, -40]","[228, 140, 12, 3.5, -40]","[228, 147, 14, 3.5, -40]","[228, 147, 14, 3.5, -40]"
"[228, 139, 13, 3.5, -40]","[228, 139, 13, 3.5, -40]","[228, 140, 12, 3.5, -40]","[228, 147, 14, 3.5, -40]"
"[228, 139, 13, 3.5, -40]","[228, 139, 13, 3.5, -40]","[228, 139, 13, 3.5, -40]","[228, 140, 12, 3.5, -40]"
"[228, 143, 14, 3.5, -40]","[228, 139, 13, 3.5, -40]","[228, 139, 13, 3.5, -40]","[228, 139, 13, 3.5, -40]"
"[228, 143, 10, 3.5, -40]","[228, 143, 14, 3.5, -40]","[228, 139, 13, 3.5, -40]","[228, 139, 13, 3.5, -40]"
"[228, 143, 10, 3.5, -40]","[228, 143, 10, 3.5, -40]","[228, 143, 14, 3.5, -40]","[228, 139, 13, 3.5, -40]"
"[228, 139, 15, 3.5, -40]","[228, 143, 10, 3.5, -40]","[228, 143, 10, 3.5, -40]","[228, 143, 14, 3.5, -40]"
"[228, 139, 15, 3.5, -41]","[228, 139, 15, 3.5, -40]","[228, 143, 10, 3.5, -40]","[228, 143, 10, 3.5, -40]"
"[228, 153, 16, 3.5, -41]","[228, 139, 15, 3.5, -41]","[228, 139, 15, 3.5, -40]","[228, 143, 10, 3.5, -40]"
"[228, 135, 16, 3.5, -41]","[228, 153, 16, 3.5, -41]","[228, 139, 15, 3.5, -41]","[228, 139, 15, 3.5, -40]"
"[228, 135, 13, 3.5, -41]","[228, 135, 16, 3.5, -41]","[228, 153, 16, 3.5, -41]","[228, 139, 15, 3.5, -41]"
"[228, 131, 15, 3.5, -41]","[228, 135, 13, 3.5, -41]","[228, 135, 16, 3.5, -41]","[228, 153, 16, 3.5, -41]"
"[228, 131, 16, 3.5, -41]","[228, 131, 15, 3.5, -41]","[228, 135, 13, 3.5, -41]","[228, 135, 16, 3.5, -41]"
"[228, 131, 14, 3.5, -41]","[228, 131, 16, 3.5, -41]","[228, 131, 15, 3.5, -41]","[228, 135, 13, 3.5, -41]"
"[228, 134, 13, 3.5, -41]","[228, 131, 14, 3.5, -41]","[228, 131, 16, 3.5, -41]","[228, 131, 15, 3.5, -41]"
"[228, 134, 11, 3.5, -41]","[228, 134, 13, 3.5, -41]","[228, 131, 14, 3.5, -41]","[228, 131, 16, 3.5, -41]"
"[228, 134, 11, 3.5, -42]","[228, 134, 11, 3.5, -41]","[228, 134, 13, 3.5, -41]","[228, 131, 14, 3.5, -41]"
"[228, 138, 14, 3.5, -42]","[228, 134, 11, 3.5, -42]","[228, 134, 11, 3.5, -41]","[228, 134, 13, 3.5, -41]"
"[228, 138, 11, 4, -42]","[228, 138, 14, 3.5, -42]","[228, 134, 11, 3.5, -42]","[228, 134, 11, 3.5, -41]"
"[228, 148, 15, 3.5, -42]","[228, 138, 11, 4, -42]","[228, 138, 14, 3.5, -42]","[228, 134, 11, 3.5, -42]"
"[228, 130, 17, 3.5, -42]","[228, 148, 15, 3.5, -42]","[228, 138, 11, 4, -42]","[228, 138, 14, 3.5, -42]"
"[228, 130, 14, 3.5, -42]","[228, 130, 17, 3.5, -42]","[228, 148, 15, 3.5, -42]","[228, 138, 11, 4, -42]"
"[227, 147, 14, 3.5, -42]","[228, 130, 14, 3.5, -42]","[228, 130, 17, 3.5, -42]","[228, 148, 15, 3.5, -42]"
"[227, 147, 14, 3.5, -42]","[227, 147, 14, 3.5, -42]","[228, 130, 14, 3.5, -42]","[228, 130, 17, 3.5, -42]"
"[227, 125, 15, 3.5, -42]","[227, 147, 14, 3.5, -42]","[227, 147, 14, 3.5, -42]","[228, 130, 14, 3.5, -42]"
"[227, 136, 15, 3.5, -43]","[227, 125, 15, 3.5, -42]","[227, 147, 14, 3.5, -42]","[227, 147, 14, 3.5, -42]"
"[227, 136, 15, 2, -43]","[227, 136, 15, 3.5, -43]","[227, 125, 15, 3.5, -42]","[227, 147, 14, 3.5, -42]"
"[227, 136, 15, 3.5, -43]","[227, 136, 15, 2, -43]","[227, 136, 15, 3.5, -43]","[227, 125, 15, 3.5, -42]"
"[226, 131, 17, 3.5, -43]","[227, 136, 15, 3.5, -43]","[227, 136, 15, 2, -43]","[227, 136, 15, 3.5, -43]"
"[226, 131, 17, 3.5, -43]","[226, 131, 17, 3.5, -43]","[227, 136, 15, 3.5, -43]","[227, 136, 15, 2, -43]"
"[226, 131, 16, 3.5, -43]","[226, 131, 17, 3.5, -43]","[226, 131, 17, 3.5, -43]","[227, 136, 15, 3.5, -43]"
"[226, 131, 19, 3.5, -43]","[226, 131, 16, 3.5, -43]","[226, 131, 17, 3.5, -43]","[226, 131, 17, 3.5, -43]"
"[225, 122, 19, 3.5, -43]","[226, 131, 19, 3.5, -43]","[226, 131, 16, 3.5, -43]","[226, 131, 17, 3.5, -43]"
"[225, 122, 16, 3.5, -44]","[225, 122, 19, 3.5, -43]","[226, 131, 19, 3.5, -43]","[226, 131, 16, 3.5, -43]"
"[225, 126, 19, 2, -44]","[225, 122, 16, 3.5, -44]","[225, 122, 19, 3.5, -43]","[226, 131, 19, 3.5, -43]"
"[224, 114, 18, 3.5, -44]","[225, 126, 19, 2, -44]","[225, 122, 16, 3.5, -44]","[225, 122, 19, 3.5, -43]"
"[224, 114, 18, 3.5, -44]","[224, 114, 18, 3.5, -44]","[225, 126, 19, 2, -44]","[225, 122, 16, 3.5, -44]"
"[224, 148, 17, 3.5, -44]","[224, 114, 18, 3.5, -44]","[224, 114, 18, 3.5, -44]","[225, 126, 19, 2, -44]"
"[23, 116, 17, 2, -44]","[224, 148, 17, 3.5, -44]","[224, 114, 18, 3.5, -44]","[224, 114, 18, 3.5, -44]"
"[223, 116, 21, 3.5, -44]","[23, 116, 17, 2, -44]","[224, 148, 17, 3.5, -44]","[224, 114, 18, 3.5, -44]"
"[223, 116, 20, 9, -45]","[223, 116, 21, 3.5, -44]","[23, 116, 17, 2, -44]","[224, 148, 17, 3.5, -44]"
"[223, 116, 21, 3.5, -45]","[223, 116, 20, 9, -45]","[223, 116, 21, 3.5, -44]","[23, 116, 17, 2, -44]"
"[222, 118, 23, 3.5, -45]","[223, 116, 21, 3.5, -45]","[223, 116, 20, 9, -45]","[223, 116, 21, 3.5, -44]"
"[222, 118, 24, 3.5, -45]","[222, 118, 23, 3.5, -45]","[223, 116, 21, 3.5, -45]","[223, 116, 20, 9, -45]"
"[221, 103, 22, 3.5, -45]","[222, 118, 24, 3.5, -45]","[222, 118, 23, 3.5, -45]","[223, 116, 21, 3.5, -45]"
"[221, 103, 21, 3.5, -45]","[221, 103, 22, 3.5, -45]","[222, 118, 24, 3.5, -45]","[222, 118, 23, 3.5, -45]"
"[221, 103, 22, 3.5, -46]","[221, 103, 21, 3.5, -45]","[221, 103, 22, 3.5, -45]","[222, 118, 24, 3.5, -45]"
"[220, 94, 17, 3.5, -46]","[221, 103, 22, 3.5, -46]","[221, 103, 21, 3.5, -45]","[221, 103, 22, 3.5, -45]"
"[220, 98, 19, 3.5, -46]","[220, 94, 17, 3.5, -46]","[221, 103, 22, 3.5, -46]","[221, 103, 21, 3.5, -45]"
"[219, 100, 16, 3.5, -46]","[220, 98, 19, 3.5, -46]","[220, 94, 17, 3.5, -46]","[221, 103, 22, 3.5, -46]"
"[218, 113, 16, 3.5, -46]","[219, 100, 16, 3.5, -46]","[220, 98, 19, 3.5, -46]","[220, 94, 17, 3.5, -46]"
"[218, 113, 16, 3.5, -46]","[218, 113, 16, 3.5, -46]","[219, 100, 16, 3.5, -46]","[220, 98, 19, 3.5, -46]"
"[218, 105, 15, 3.5, -46]","[218, 113, 16, 3.5, -46]","[218, 113, 16, 3.5, -46]","[219, 100, 16, 3.5, -46]"
"[217, 115, 15, 3.5, -47]","[218, 105, 15, 3.5, -46]","[218, 113, 16, 3.5, -46]","[218, 113, 16, 3.5, -46]"
"[217, 115, 13, 3.5, -47]","[217, 115, 15, 3.5, -47]","[218, 105, 15, 3.5, -46]","[218, 113, 16, 3.5, -46]"
"[216, 114, 13, 3.5, -47]","[217, 115, 13, 3.5, -47]","[217, 115, 15, 3.5, -47]","[218, 105, 15, 3.5, -46]"
"[216, 117, 16, 3.5, -47]","[216, 114, 13, 3.5, -47]","[217, 115, 13, 3.5, -47]","[217, 115, 15, 3.5, -47]"
"[215, 123, 14, 3.5, -47]","[216, 117, 16, 3.5, -47]","[216, 114, 13, 3.5, -47]","[217, 115, 13, 3.5, -47]"
"[215, 123, 13, 3.5, -47]","[215, 123, 14, 3.5, -47]","[216, 117, 16, 3.5, -47]","[216, 114, 13, 3.5, -47]"
"[214, 111, 15, 3.5, -47]","[215, 123, 13, 3.5, -47]","[215, 123, 14, 3.5, -47]","[216, 117, 16, 3.5, -47]"
"[214, 111, 15, 3.5, -47]","[214, 111, 15, 3.5, -47]","[215, 123, 13, 3.5, -47]","[215, 123, 14, 3.5, -47]"
"[214, 118, 16, 4.5, -47]","[214, 111, 15, 3.5, -47]","[214, 111, 15, 3.5, -47]","[215, 123, 13, 3.5, -47]"
"[213, 113, 16, 3.5, -47]","[214, 118, 16, 4.5, -47]","[214, 111, 15, 3.5, -47]","[214, 111, 15, 3.5, -47]"
"[213, 113, 14, 3.5, -48]","[213, 113, 16, 3.5, -47]","[214, 118, 16, 4.5, -47]","[214, 111, 15, 3.5, -47]"
"[212, 97, 17, 3.5, -48]","[213, 113, 14, 3.5, -48]","[213, 113, 16, 3.5, -47]","[214, 118, 16, 4.5, -47]"
"[211, 107, 20, 3.5, -48]","[212, 97, 17, 3.5, -48]","[213, 113, 14, 3.5, -48]","[213, 113, 16, 3.5, -47]"
"[211, 107, 17, 3.5, -48]","[211, 107, 20, 3.5, -48]","[212, 97, 17, 3.5, -48]","[213, 113, 14, 3.5, -48]"
"[211, 114, 18, 3.5, -48]","[211, 107, 17, 3.5, -48]","[211, 107, 20, 3.5, -48]","[212, 97, 17, 3.5, -48]"
"[210, 92, 20, 3.5, -48]","[211, 114, 18, 3.5, -48]","[211, 107, 17, 3.5, -48]","[211, 107, 20, 3.5, -48]"
"[210, 92, 20, 3.5, -48]","[210, 92, 20, 3.5, -48]","[211, 114, 18, 3.5, -48]","[211, 107, 17, 3.5, -48]"
"[210, 92, 19, 3.5, -49]","[210, 92, 20, 3.5, -48]","[210, 92, 20, 3.5, -48]","[211, 114, 18, 3.5, -48]"
"[210, 92, 20, 3.5, -49]","[210, 92, 19, 3.5, -49]","[210, 92, 20, 3.5, -48]","[210, 92, 20, 3.5, -48]"
"[209, 91, 16, 3.5, -49]","[210, 92, 20, 3.5, -49]","[210, 92, 19, 3.5, -49]","[210, 92, 20, 3.5, -48]"
"[209, 91, 17, 3.5, -49]","[209, 91, 16, 3.5, -49]","[210, 92, 20, 3.5, -49]","[210, 92, 19, 3.5, -49]"
"[209, 90, 19, 3.5, -49]","[209, 91, 17, 3.5, -49]","[209, 91, 16, 3.5, -49]","[210, 92, 20, 3.5, -49]"
"[209, 90, 20, 2, -49]","[209, 90, 19, 3.5, -49]","[209, 91, 17, 3.5, -49]","[209, 91, 16, 3.5, -49]"
"[207, 102, 17, 3.5, -49]","[209, 90, 20, 2, -49]","[209, 90, 19, 3.5, -49]","[209, 91, 17, 3.5, -49]"
"[207, 102, 17, 3.5, -50]","[207, 102, 17, 3.5, -49]","[209, 90, 20, 2, -49]","[209, 90, 19, 3.5, -49]"
"[206, 119, 15, 3.5, -50]","[207, 102, 17, 3.5, -50]","[207, 102, 17, 3.5, -49]","[209, 90, 20, 2, -49]"
"[205, 86, 13, 3.5, -50]","[206, 119, 15, 3.5, -50]","[207, 102, 17, 3.5, -50]","[207, 102, 17, 3.5, -49]"
"[205, 96, 13, 3.5, -50]","[205, 86, 13, 3.5, -50]","[206, 119, 15, 3.5, -50]","[207, 102, 17, 3.5, -50]"
"[204, 102, 15, 3.5, -50]","[205, 96, 13, 3.5, -50]","[205, 86, 13, 3.5, -50]","[206, 119, 15, 3.5, -50]"
"[204, 102, 12, 3.5, -50]","[204, 102, 15, 3.5, -50]","[205, 96, 13, 3.5, -50]","[205, 86, 13, 3.5, -50]"
"[203, 108, 10, 3.5, -50]","[204, 102, 12, 3.5, -50]","[204, 102, 15, 3.5, -50]","[205, 96, 13, 3.5, -50]"
"[203, 100, 11, 3.5, -50]","[203, 108, 10, 3.5, -50]","[204, 102, 12, 3.5, -50]","[204, 102, 15, 3.5, -50]"
"[203, 100, 11, 3.5, -50]","[203, 100, 11, 3.5, -50]","[203, 108, 10, 3.5, -50]","[204, 102, 12, 3.5, -50]"
"[202, 110, 10, 3.5, -51]","[203, 100, 11, 3.5, -50]","[203, 100, 11, 3.5, -50]","[203, 108, 10, 3.5, -50]"
"[201, 112, 12, 3.5, -51]","[202, 110, 10, 3.5, -51]","[203, 100, 11, 3.5, -50]","[203, 100, 11, 3.5, -50]"
"[201, 112, 9, 3.5, -51]","[201, 112, 12, 3.5, -51]","[202, 110, 10, 3.5, -51]","[203, 100, 11, 3.5, -50]"
"[201, 112, 11, 3.5, -51]","[201, 112, 9, 3.5, -51]","[201, 112, 12, 3.5, -51]","[202, 110, 10, 3.5, -51]"
"[200, 107, 14, 3.5, -51]","[201, 112, 11, 3.5, -51]","[201, 112, 9, 3.5, -51]","[201, 112, 12, 3.5, -51]"
"[200, 107, 13, 3.5, -51]","[200, 107, 14, 3.5, -51]","[201, 112, 11, 3.5, -51]","[201, 112, 9, 3.5, -51]"
"[199, 117, 13, 3.5, -51]","[200, 107, 13, 3.5, -51]","[200, 107, 14, 3.5, -51]","[201, 112, 11, 3.5, -51]"
"[198, 98, 16, 4.5, -51]","[199, 117, 13, 3.5, -51]","[200, 107, 13, 3.5, -51]","[200, 107, 14, 3.5, -51]"
"[198, 98, 16, 3.5, -51]","[198, 98, 16, 4.5, -51]","[199, 117, 13, 3.5, -51]","[200, 107, 13, 3.5, -51]"
"[198, 101, 14, 3.5, -51]","[198, 98, 16, 3.5, -51]","[198, 98, 16, 4.5, -51]","[199, 117, 13, 3.5, -51]"
"[197, 90, 15, 3.5, -52]","[198, 101, 14, 3.5, -51]","[198, 98, 16, 3.5, -51]","[198, 98, 16, 4.5, -51]"
"[197, 90, 14, 3.5, -52]","[197, 90, 15, 3.5, -52]","[198, 101, 14, 3.5, -51]","[198, 98, 16, 3.5, -51]"
"[197, 90, 15, 3.5, -52]","[197, 90, 14, 3.5, -52]","[197, 90, 15, 3.5, -52]","[198, 101, 14, 3.5, -51]"
"[197, 90, 16, 2, -52]","[197, 90, 15, 3.5, -52]","[197, 90, 14, 3.5, -52]","[197, 90, 15, 3.5, -52]"
"[196, 92, 15, 3.5, -52]","[197, 90, 16, 2, -52]","[197, 90, 15, 3.5, -52]","[197, 90, 14, 3.5, -52]"
"[196, 95, 14, 3.5, -52]","[196, 92, 15, 3.5, -52]","[197, 90, 16, 2, -52]","[197, 90, 15, 3.5, -52]"
"[196, 95, 17, 3.5, -52]","[196, 95, 14, 3.5, -52]","[196, 92, 15, 3.5, -52]","[197, 90, 16, 2, -52]"
"[195, 87, 16, 3.5, -52]","[196, 95, 17, 3.5, -52]","[196, 95, 14, 3.5, -52]","[196, 92, 15, 3.5, -52]"
"[195, 90, 15, 3.5, -53]","[195, 87, 16, 3.5, -52]","[196, 95, 17, 3.5, -52]","[196, 95, 14, 3.5, -52]"
"[195, 90, 15, 3.5, -53]","[195, 90, 15, 3.5, -53]","[195, 87, 16, 3.5, -52]","[196, 95, 17, 3.5, -52]"
"[194, 82, 13, 3.5, -53]","[195, 90, 15, 3.5, -53]","[195, 90, 15, 3.5, -53]","[195, 87, 16, 3.5, -52]"
"[194, 85, 13, 3.5, -53]","[194, 82, 13, 3.5, -53]","[195, 90, 15, 3.5, -53]","[195, 90, 15, 3.5, -53]"
"[194, 85, 15, 3.5, -53]","[194, 85, 13, 3.5, -53]","[194, 82, 13, 3.5, -53]","[195, 90, 15, 3.5, -53]"
"[193, 88, 12, 3.5, -53]","[194, 85, 15, 3.5, -53]","[194, 85, 13, 3.5, -53]","[194, 82, 13, 3.5, -53]"
"[193, 88, 12, 3.5, -53]","[193, 88, 12, 3.5, -53]","[194, 85, 15, 3.5, -53]","[194, 85, 13, 3.5, -53]"
"[193, 95, 11, 4.5, -53]","[193, 88, 12, 3.5, -53]","[193, 88, 12, 3.5, -53]","[194, 85, 15, 3.5, -53]"
"[192, 86, 11, 3.5, -53]","[193, 95, 11, 4.5, -53]","[193, 88, 12, 3.5, -53]","[193, 88, 12, 3.5, -53]"
"[192, 97, 9, 3.5, -53]","[192, 86, 11, 3.5, -53]","[193, 95, 11, 4.5, -53]","[193, 88, 12, 3.5, -53]"
"[192, 97, 9, 3.5, -54]","[192, 97, 9, 3.5, -53]","[192, 86, 11, 3.5, -53]","[193, 95, 11, 4.5, -53]"
"[191, 99, 4, 3.5, -54]","[192, 97, 9, 3.5, -54]","[192, 97, 9, 3.5, -53]","[192, 86, 11, 3.5, -53]"
"[191, 99, 3, 3.5, -54]","[191, 99, 4, 3.5, -54]","[192, 97, 9, 3.5, -54]","[192, 97, 9, 3.5, -53]"
"[191, 99, 4, 3.5, -54]","[191, 99, 3, 3.5, -54]","[191, 99, 4, 3.5, -54]","[192, 97, 9, 3.5, -54]"
"[191, 106, 1, 3.5, -54]","[191, 99, 4, 3.5, -54]","[191, 99, 3, 3.5, -54]","[191, 99, 4, 3.5, -54]"
"[191, 123, -2, 3.5, -54]","[191, 106, 1, 3.5, -54]","[191, 99, 4, 3.5, -54]","[191, 99, 3, 3.5, -54]"
"[191, 123, -2, 3.5, -54]","[191, 123, -2, 3.5, -54]","[191, 106, 1, 3.5, -54]","[191, 99, 4, 3.5, -54]"
"[190, 122, -3, 3.5, -54]","[191, 123, -2, 3.5, -54]","[191, 123, -2, 3.5, -54]","[191, 106, 1, 3.5, -54]"
"[190, 133, -6, 3.5, -54]","[190, 122, -3, 3.5, -54]","[191, 123, -2, 3.5, -54]","[191, 123, -2, 3.5, -54]"
"[190, 133, -6, 3.5, -54]","[190, 133, -6, 3.5, -54]","[190, 122, -3, 3.5, -54]","[191, 123, -2, 3.5, -54]"
"[190, 133, -6, 3.5, -54]","[190, 133, -6, 3.5, -54]","[190, 133, -6, 3.5, -54]","[190, 122, -3, 3.5, -54]"
"[190, 147, -8, 3.5, -54]","[190, 133, -6, 3.5, -54]","[190, 133, -6, 3.5, -54]","[190, 133, -6, 3.5, -54]"
"[190, 157, -9, 3.5, -53]","[190, 147, -8, 3.5, -54]","[190, 133, -6, 3.5, -54]","[190, 133, -6, 3.5, -54]"
"[190, 157, -9, 3.5, -53]","[190, 157, -9, 3.5, -53]","[190, 147, -8, 3.5, -54]","[190, 133, -6, 3.5, -54]"
"[190, 157, -8, 3.5, -53]","[190, 157, -9, 3.5, -53]","[190, 157, -9, 3.5, -53]","[190, 147, -8, 3.5, -54]"
"[190, 168, -7, 3.5, -53]","[190, 157, -8, 3.5, -53]","[190, 157, -9, 3.5, -53]","[190, 157, -9, 3.5, -53]"
"[190, 168, -9, 3.5, -53]","[190, 168, -7, 3.5, -53]","[190, 157, -8, 3.5, -53]","[190, 157, -9, 3.5, -53]"
"[190, 168, -9, 3.5, -53]","[190, 168, -9, 3.5, -53]","[190, 168, -7, 3.5, -53]","[190, 157, -8, 3.5, -53]"
"[190, 161, -4, 4, -53]","[190, 168, -9, 3.5, -53]","[190, 168, -9, 3.5, -53]","[190, 168, -7, 3.5, -53]"
"[190, 161, -6, 6, -53]","[190, 161, -4, 4, -53]","[190, 168, -9, 3.5, -53]","[190, 168, -9, 3.5, -53]"
"[190, 168, -5, 3.5, -53]","[190, 161, -6, 6, -53]","[190, 161, -4, 4, -53]","[190, 168, -9, 3.5, -53]"
"[190, 168, -2, 3.5, -53]","[190, 168, -5, 3.5, -53]","[190, 161, -6, 6, -53]","[190, 161, -4, 4, -53]"
"[190, 161, -2, 3.5, -53]","[190, 168, -2, 3.5, -53]","[190, 168, -5, 3.5, -53]","[190, 161, -6, 6, -53]"
"[190, 158, -4, 3.5, -53]","[190, 161, -2, 3.5, -53]","[190, 168, -2, 3.5, -53]","[190, 168, -5, 3.5, -53]"
"[190, 158, -4, 3.5, -53]","[190, 158, -4, 3.5, -53]","[190, 161, -2, 3.5, -53]","[190, 168, -2, 3.5, -53]"
"[190, 144, -1, 9, -53]","[190, 158, -4, 3.5, -53]","[190, 158, -4, 3.5, -53]","[190, 161, -2, 3.5, -53]"
"[190, 144, -1, 3.5, -53]","[190, 144, -1, 9, -53]","[190, 158, -4, 3.5, -53]","[190, 158, -4, 3.5, -53]"
"[190, 144, 0, 3.5, -53]","[190, 144, -1, 3.5, -53]","[190, 144, -1, 9, -53]","[190, 158, -4, 3.5, -53]"
"[190, 173, -4, 3.5, -53]","[190, 144, 0, 3.5, -53]","[190, 144, -1, 3.5, -53]","[190, 144, -1, 9, -53]"
"[190, 141, -6, 3.5, -53]","[190, 173, -4, 3.5, -53]","[190, 144, 0, 3.5, -53]","[190, 144, -1, 3.5, -53]"
"[190, 141, -6, 3.5, -53]","[190, 141, -6, 3.5, -53]","[190, 173, -4, 3.5, -53]","[190, 144, 0, 3.5, -53]"
"[191, 138, -8, 3.5, -53]","[190, 141, -6, 3.5, -53]","[190, 141, -6, 3.5, -53]","[190, 173, -4, 3.5, -53]"
"[191, 138, -8, 3.5, -53]","[191, 138, -8, 3.5, -53]","[190, 141, -6, 3.5, -53]","[190, 141, -6, 3.5, -53]"
"[191, 152, -13, 3.5, -53]","[191, 138, -8, 3.5, -53]","[191, 138, -8, 3.5, -53]","[190, 141, -6, 3.5, -53]"
"[191, 159, -16, 3.5, -53]","[191, 152, -13, 3.5, -53]","[191, 138, -8, 3.5, -53]","[191, 138, -8, 3.5, -53]"
"[191, 159, -16, 3.5, -52]","[191, 159, -16, 3.5, -53]","[191, 152, -13, 3.5, -53]","[191, 138, -8, 3.5, -53]"
"[192, 185, -18, 3.5, -52]","[191, 159, -16, 3.5, -52]","[191, 159, -16, 3.5, -53]","[191, 152, -13, 3.5, -53]"
"[192, 185, -19, 3.5, -52]","[192, 185, -18, 3.5, -52]","[191, 159, -16, 3.5, -52]","[191, 159, -16, 3.5, -53]"
"[189, 192, -21, 3.5, -52]","[192, 185, -19, 3.5, -52]","[192, 185, -18, 3.5, -52]","[191, 159, -16, 3.5, -52]"
"[183, 193, -22, 3.5, -52]","[189, 192, -21, 3.5, -52]","[192, 185, -19, 3.5, -52]","[192, 185, -18, 3.5, -52]"
"[183, 193, -22, 3.5, -52]","[183, 193, -22, 3.5, -52]","[189, 192, -21, 3.5, -52]","[192, 185, -19, 3.5, -52]"
"[179, 193, -22, 3.5, -51]","[183, 193, -22, 3.5, -52]","[183, 193, -22, 3.5, -52]","[189, 192, -21, 3.5, -52]"
"[169, 193, -23, 4, -51]","[179, 193, -22, 3.5, -51]","[183, 193, -22, 3.5, -52]","[183, 193, -22, 3.5, -52]"
"[169, 193, -22, 3.5, -51]","[169, 193, -23, 4, -51]","[179, 193, -22, 3.5, -51]","[183, 193, -22, 3.5, -52]"
"[169, 194, -22, 3.5, -51]","[169, 193, -22, 3.5, -51]","[169, 193, -23, 4, -51]","[179, 193, -22, 3.5, -51]"
"[166, 194, -22, 3.5, -51]","[169, 194, -22, 3.5, -51]","[169, 193, -22, 3.5, -51]","[169, 193, -23, 4, -51]"
"[166, 194, -22, 3.5, -51]","[166, 194, -22, 3.5, -51]","[169, 194, -22, 3.5, -51]","[169, 193, -22, 3.5, -51]"
"[170, 195, -23, 3.5, -50]","[166, 194, -22, 3.5, -51]","[166, 194, -22, 3.5, -51]","[169, 194, -22, 3.5, -51]"
"[170, 195, -23, 3.5, -50]","[170, 195, -23, 3.5, -50]","[166, 194, -22, 3.5, -51]","[166, 194, -22, 3.5, -51]"
"[170, 195, -23, 3.5, -50]","[170, 195, -23, 3.5, -50]","[170, 195, -23, 3.5, -50]","[166, 194, -22, 3.5, -51]"
"[170, 196, -23, 3.5, -50]","[170, 195, -23, 3.5, -50]","[170, 195, -23, 3.5, -50]","[170, 195, -23, 3.5, -50]"
"[170, 196, -23, 3.5, -50]","[170, 196, -23, 3.5, -50]","[170, 195, -23, 3.5, -50]","[170, 195, -23, 3.5, -50]"
"[167, 196, -24, 3.5, -50]","[170, 196, -23, 3.5, -50]","[170, 196, -23, 3.5, -50]","[170, 195, -23, 3.5, -50]"
"[168, 197, -25, 3.5, -50]","[167, 196, -24, 3.5, -50]","[170, 196, -23, 3.5, -50]","[170, 196, -23, 3.5, -50]"
"[168, 197, -25, 3.5, -49]","[168, 197, -25, 3.5, -50]","[167, 196, -24, 3.5, -50]","[170, 196, -23, 3.5, -50]"
"[168, 198, -27, 3.5, -49]","[168, 197, -25, 3.5, -49]","[168, 197, -25, 3.5, -50]","[167, 196, -24, 3.5, -50]"
"[165, 198, -24, 3.5, -49]","[168, 198, -27, 3.5, -49]","[168, 197, -25, 3.5, -49]","[168, 197, -25, 3.5, -50]"
"[165, 198, -26, 3.5, -49]","[165, 198, -24, 3.5, -49]","[168, 198, -27, 3.5, -49]","[168, 197, -25, 3.5, -49]"
"[162, 199, -27, 3.5, -49]","[165, 198, -26, 3.5, -49]","[165, 198, -24, 3.5, -49]","[168, 198, -27, 3.5, -49]"
"[154, 199, -28, 3.5, -48]","[162, 199, -27, 3.5, -49]","[165, 198, -26, 3.5, -49]","[165, 198, -24, 3.5, -49]"
"[159, 200, -28, 3.5, -48]","[154, 199, -28, 3.5, -48]","[162, 199, -27, 3.5, -49]","[165, 198, -26, 3.5, -49]"
"[159, 200, -29, 3.5, -48]","[159, 200, -28, 3.5, -48]","[154, 199, -28, 3.5, -48]","[162, 199, -27, 3.5, -49]"
"[156, 201, -28, 3.5, -48]","[159, 200, -29, 3.5, -48]","[159, 200, -28, 3.5, -48]","[154, 199, -28, 3.5, -48]"
"[156, 201, -29, 3.5, -48]","[156, 201, -28, 3.5, -48]","[159, 200, -29, 3.5, -48]","[159, 200, -28, 3.5, -48]"
"[153, 202, -27, 3.5, -48]","[156, 201, -29, 3.5, -48]","[156, 201, -28, 3.5, -48]","[159, 200, -29, 3.5, -48]"
"[149, 202, -25, 3.5, -47]","[153, 202, -27, 3.5, -48]","[156, 201, -29, 3.5, -48]","[156, 201, -28, 3.5, -48]"
"[150, 203, -22, 3.5, -47]","[149, 202, -25, 3.5, -47]","[153, 202, -27, 3.5, -48]","[156, 201, -29, 3.5, -48]"
"[150, 203, -22, 3.5, -47]","[150, 203, -22, 3.5, -47]","[149, 202, -25, 3.5, -47]","[153, 202, -27, 3.5, -48]"
"[158, 204, -21, 3.5, -47]","[150, 203, -22, 3.5, -47]","[150, 203, -22, 3.5, -47]","[149, 202, -25, 3.5, -47]"
"[158, 204, -21, 3.5, -47]","[158, 204, -21, 3.5, -47]","[150, 203, -22, 3.5, -47]","[150, 203, -22, 3.5, -47]"
"[175, 204, -17, 3.5, -47]","[158, 204, -21, 3.5, -47]","[158, 204, -21, 3.5, -47]","[150, 203, -22, 3.5, -47]"
"[176, 205, -15, 3.5, -46]","[175, 204, -17, 3.5, -47]","[158, 204, -21, 3.5, -47]","[158, 204, -21, 3.5, -47]"
"[176, 205, -16, 6, -46]","[176, 205, -15, 3.5, -46]","[175, 204, -17, 3.5, -47]","[158, 204, -21, 3.5, -47]"
"[180, 206, -16, 3.5, -46]","[176, 205, -16, 6, -46]","[176, 205, -15, 3.5, -46]","[175, 204, -17, 3.5, -47]"
"[194, 206, -14, 3.5, -46]","[180, 206, -16, 3.5, -46]","[176, 205, -16, 6, -46]","[176, 205, -15, 3.5, -46]"
"[194, 206, -15, 4.5, -46]","[194, 206, -14, 3.5, -46]","[180, 206, -16, 3.5, -46]","[176, 205, -16, 6, -46]"
